id	label	x	y	cluster	weight<Links>	weight<Total link strength>	weight<Occurrences>	score<Avg. pub. year>	score<Avg. citations>	score<Avg. norm. citations>
1	3d printing	-0.9309	0.5343	1	89	483	38	2019.9474	69.2105	2.2424
2	acid	0.4211	-0.2514	3	292	3991	249	2015.6386	28.7711	0.9632
3	actuator	-0.4811	0.3449	1	170	713	58	2019.2069	33.9138	0.931
4	additive manufacturing	-0.878	0.5282	1	72	199	21	2022.4762	12.2857	0.782
5	adhesion	0.1465	-0.7437	3	222	1836	137	2015.1752	47.8759	1.4606
6	adsorption	0.7994	-0.6855	3	212	2228	149	2011.953	58.3691	1.3922
7	afm	0.7635	-0.6948	3	159	855	62	2013.5484	24.3548	1.0855
8	aggregation	0.4609	-0.0058	3	115	438	31	2017.1613	24.8387	0.8734
9	amperometric biosensor	1.1055	-0.2489	5	88	354	24	2011.5833	71.0833	1.192
10	amplitude	0.8286	0.6451	4	52	253	33	2013.0606	5.9697	0.1752
11	analysis	0.2346	0.3085	1	314	5694	545	2013.9578	21.1853	0.7653
12	analyte	0.6545	0.7015	4	217	1492	102	2015.9314	36.9216	1.2868
13	antibody	0.788	0.3721	4	252	2069	127	2013.937	50.748	0.9603
14	aptamer	0.5991	0.5367	4	150	821	47	2020.9574	17.766	0.6643
15	aqueous solution	0.7901	-0.4089	3	137	554	34	2011.5588	50.8529	1.114
16	art	-0.5837	0.6131	1	91	245	29	2019.069	46.4483	1.357
17	artificial intelligence	-0.817	0.6159	1	104	337	34	2023.5	4.7353	0.3856
18	artificial organ	-0.1781	0.0556	5	88	326	26	2010.7308	8.9615	0.4911
19	atomic force microscopy	0.841	-0.6998	3	172	812	55	2012.9273	32.1636	1.1405
20	aunp	0.8656	-0.2456	5	103	641	31	2017.6452	50.4194	1.7783
21	bacterial cellulose	-0.7874	0.0638	2	83	273	20	2021.7	59	3.1084
22	bioactivity	-0.1229	-0.639	3	186	1055	55	2014.4182	38.6182	1.5907
23	biocatalyst	0.4023	-0.1496	5	93	291	23	2015.4783	101.087	2.5776
24	biochemistry	0.0717	-0.1284	5	95	245	21	2008.1429	21	0.3563
25	biocompatibility	-0.4268	-0.3457	2	310	5208	334	2017.2575	44.2635	1.516
26	biocomposite	0.0934	-0.2153	5	93	413	36	2014.3333	16.4444	0.4096
27	biodegradability	-0.8779	-0.3444	2	220	1363	86	2021.5698	49.5233	1.9354
28	bioelectronic	-0.0577	0.0777	5	172	1155	76	2017.8289	47.7105	1.1114
29	bioelectronic device	0.4595	-0.147	5	125	511	31	2017.2903	106.8065	1.5837
30	bioengineering	-0.8177	0.3163	1	151	668	49	2020.6327	10.6122	0.5432
31	biofilm	0.1752	0.3673	4	113	746	61	2015.2787	25.1475	0.8129
32	biofuel cell	1.1225	-0.2474	5	93	445	29	2017.9655	94.7931	1.5864
33	bioimaging	-0.5064	0.0834	2	166	517	34	2020.3824	63.1765	2.2873
34	biointerface	0.2233	-0.4877	3	127	506	38	2017.3158	23.4474	0.656
35	biological activity	-0.1077	-0.1632	2	128	315	25	2014.48	19.28	1.205
36	biological application	-0.017	-0.144	2	152	429	35	2018.8286	36.3714	1.1869
37	biological function	-0.5123	0.2697	1	124	370	26	2016.5385	41.4615	1.2342
38	biological property	-0.8289	-0.4909	2	181	809	45	2019.5111	47.0667	1.8818
39	biology	-0.496	0.2272	1	230	1208	99	2016.4848	41.0303	1.4638
40	biomarker	0.0951	0.7597	1	218	2004	123	2019.5041	38.7967	1.2285
41	biomaterial surface	0.1175	-0.9703	3	109	472	26	2008.8462	41.1154	1.0367
42	biomechanic	-0.7417	0.677	1	65	166	26	2014.3846	8.5	0.2698
43	biomedical device	-0.245	-0.0771	3	193	971	67	2018.4925	35.2836	1.3226
44	biomedical research	-0.4942	0.1138	1	111	257	21	2017.7619	53.619	2.2362
45	biomedicine	-0.4999	0.0071	2	216	1197	98	2019.7245	29.3571	1.1081
46	biopolymer	-0.4097	-0.4736	2	231	1890	125	2020.264	25.6	1.1944
47	bioprinting	-0.9676	0.4472	1	118	637	50	2021.94	20.14	0.8645
48	biosensing application	0.6418	0.3191	4	143	460	29	2020.3793	36.7241	1.1099
49	biosensor device	0.4809	0.4787	6	125	394	33	2015.4848	69.9697	0.9976
50	biosensor platform	0.4352	0.2807	6	102	428	29	2018.1379	50.5517	1.2051
51	biosensor technology	-0.176	0.7629	1	115	373	28	2019.5357	27.4643	1.0158
52	biotechnology	-0.3711	0.1985	1	201	963	93	2013.0968	32.9247	0.9608
53	bone	-0.7711	-0.2114	2	179	1049	88	2013.8295	12.625	0.7522
54	bone tissue engineering	-0.9126	-0.4502	2	127	535	23	2017.3913	74.5217	2.1379
55	bovine serum albumin	1.0126	-0.5538	3	147	582	38	2014.7632	26.3158	0.7869
56	brain	-0.2085	0.6674	1	77	343	49	2014.2449	15.3469	0.5999
57	bsa	0.9899	-0.4953	3	136	884	52	2013.8269	23.0769	0.6407
58	cancer	-0.1489	0.7688	1	196	1205	118	2016.7712	18	0.6414
59	cancer therapy	-0.6553	-0.2421	2	107	271	22	2018.5455	16.0455	0.9862
60	carbohydrate	0.7389	-0.229	4	51	230	21	2014.4286	19.2381	0.8052
61	carbon	-0.066	0.2511	6	169	896	54	2017.7778	27.463	0.5021
62	carbon nanotube	0.2948	0.2087	6	223	1884	131	2015.1908	64.9313	1.3469
63	carboxymethyl chitosan	-1.1113	-0.6458	2	22	213	18	2018	145.9444	3.1294
64	cardiovascular disease	-0.7238	0.7517	1	70	233	18	2019.5	38.4444	1.2811
65	care	-0.4421	0.5528	1	182	629	66	2017.5	10.6364	0.4461
66	catalysis	-0.282	-0.3565	2	160	481	28	2017.4643	48.7857	1.6946
67	cell adhesion	-0.0092	-0.8762	3	181	1123	88	2012.7159	46.125	1.5196
68	cellular response	-0.5803	-0.6951	3	129	463	27	2013.6667	30.8148	1.1678
69	ceramic	-0.8472	0.0478	1	144	490	38	2019.2368	18.2895	0.8473
70	cerium	-1.014	0.1049	2	21	519	21	2021.8095	18.3333	1.6693
71	charge	0.769	-0.3841	3	202	1271	83	2017.253	28.5422	0.9228
72	chemical modification	-0.2189	-0.3338	2	146	484	31	2018.6452	40.1613	1.4427
73	chemical property	-0.4342	-0.0356	1	192	733	51	2017.7843	24.1765	0.8143
74	chemical sensor	0.1478	0.912	1	61	171	23	2015.1739	13.4783	0.71
75	chip	0.2961	0.6044	1	205	1707	151	2013.947	15.5166	0.5783
76	chitin	-0.3075	-0.4663	2	135	540	35	2017	23.9429	1.0015
77	chitosan	-0.3727	-0.7154	2	216	2214	136	2018.8382	47.3529	1.8271
78	clinical application	-0.4619	0.4537	1	145	455	42	2017.5238	34.381	1.7339
79	clinical translation	-1.0116	0.3541	1	113	316	23	2024.0435	24.913	2.5514
80	cnt	0.106	0.7944	6	107	588	35	2014.7143	163.2	2.2847
81	cnts	-0.0066	0.6773	6	111	894	61	2015.459	79.2951	1.5123
82	coating	-0.023	-0.7274	3	266	3668	252	2016.1032	33.6786	1.11
83	complexity	-0.4162	0.4745	1	154	551	52	2016.5385	15.2692	0.8816
84	composite	-0.366	-0.4367	2	269	2875	196	2017.8724	75.8316	3.1079
85	composite material	-0.275	-0.4743	2	97	342	26	2017.2308	69.7692	2.0986
86	concentration	0.706	0.1452	4	284	3465	256	2015.3242	20.1289	0.8206
87	conductive polymer	-0.8096	-0.5196	2	115	664	37	2018.7297	314.0811	5.5788
88	conductivity	-0.244	-0.4978	2	210	1166	79	2017.5316	56.0633	1.317
89	conventional method	-0.1019	0.4367	1	95	220	19	2017.1579	15.7895	0.5061
90	correlation	0.334	0.5493	1	128	466	57	2013.0175	11.386	0.4066
91	covid	0.0303	1.2385	4	65	398	27	2022.0741	10.7407	0.3945
92	cvd	-0.8469	0.4652	1	57	347	22	2019.7727	7.5	0.9279
93	cyclic voltammetry	1.0418	-0.3203	5	123	430	28	2016.8571	31.5	1.6881
94	cytotoxicity	0.0215	-0.01	6	129	386	34	2015.0294	64.4706	1.1506
95	deformation	-0.2713	0.1747	1	87	316	45	2012.1111	17.6	0.9693
96	degree	-0.075	-0.14	2	172	837	61	2013.1803	35.7541	0.9338
97	delivery	-0.4891	0.1828	1	227	1267	85	2017.2588	36.1412	1.0705
98	density	0.328	-0.0766	3	215	1405	106	2013.8679	32.3396	0.978
99	deposition	0.143	-0.5645	3	222	1634	124	2013.0242	38.6935	0.9602
100	detection	0.6345	0.5707	4	310	9037	675	2017.443	27.1244	0.9012
101	detection limit	1.137	0.3305	4	183	1368	80	2017.0875	34.8125	1.2377
102	diagnosis	-0.3387	0.7068	1	276	2790	217	2019.2811	17.6636	0.8309
103	diagnostic	-0.2474	0.3492	1	250	1618	111	2017.6396	22.8739	0.8021
104	differentiation	-0.6885	-0.3773	2	181	1039	56	2016.6071	37.125	1.2393
105	disadvantage	-0.3097	0.7393	6	99	290	20	2017.5	33.55	1.1449
106	disease	-0.4188	0.6556	1	266	3037	248	2017.8468	20.9556	0.9909
107	disease diagnosis	-0.566	0.5676	1	128	388	31	2021	16.0323	0.7048
108	distribution	0.16	0.2097	1	198	963	108	2013.6204	14.3426	0.7276
109	diverse application	-0.3557	0.1045	2	114	275	20	2021.5	38.65	1.0452
110	dna	0.6854	0.3555	4	235	2836	205	2015.3366	62.4683	1.2884
111	dopamine	1.4589	0.4512	4	80	490	26	2018.6923	25.1538	1.1645
112	dose	0.1486	0.5413	1	98	398	83	2014.4337	4.8554	0.2434
113	drug delivery	-0.611	-0.0807	2	291	4110	319	2019.4201	38.3009	1.6559
114	drug delivery system	-0.5923	-0.1557	2	258	1938	147	2017.1497	44.415	1.8444
115	drug discovery	-0.1765	0.3541	1	97	261	21	2015.8095	19.2381	0.6438
116	drug release	-0.785	0.0111	1	134	370	28	2018.3571	11.9643	0.9092
117	drug screening	-0.3727	0.4677	1	103	268	19	2017.4737	14	0.4806
118	dynamic	0.0676	-0.0043	3	172	886	83	2014.8795	17.9759	0.902
119	ecm	-0.208	-0.6207	2	105	397	26	2013.1154	35.8846	1.0003
120	eeg	-0.3055	0.9173	1	34	116	26	2010.7692	10.5385	1.1028
121	electrical conductivity	-0.4452	-0.5584	2	195	1029	57	2017.7895	46.0175	1.8891
122	electrical property	0.2195	-0.5932	6	135	448	31	2013.5484	76.0323	2.7001
123	electrical signal	-0.5308	-0.2003	2	104	290	18	2017.6667	140	2.3434
124	electrochemical biosensor	0.6667	0.5879	4	196	1834	116	2019.5517	48.8276	1.6137
125	electrochemical sensor	0.2881	0.2876	6	117	638	47	2017.617	63.9787	1.8293
126	electrode	0.9967	0.0532	5	272	6275	363	2013.2094	86.6474	1.3502
127	electrode surface	1.035	-0.1192	5	119	699	35	2011.8571	160.7714	4.0977
128	electron microscopy	0.6926	-0.4958	5	156	566	41	2014.7805	27.5854	0.8995
129	electronic	-0.4167	0.1369	1	195	1162	92	2018.2935	38.4891	1.2811
130	electrospinning	-0.7103	-0.9526	2	142	1131	41	2016.561	49.4878	1.3402
131	emphasis	-0.5646	0.2293	1	192	701	64	2016.75	35.4844	1.2672
132	encapsulation	-0.2737	-0.2496	3	149	631	48	2013.1667	46.9792	1.1916
133	energy storage	-0.4939	-0.4661	2	118	280	21	2018.2857	60.6667	3.404
134	environmental monitoring	0.0256	0.5267	6	121	320	24	2017.9167	19.7917	0.6191
135	enzyme	0.6717	-0.0012	5	280	4680	301	2014.5581	58.0731	1.1082
136	enzyme immobilization	0.1427	-0.4364	5	94	268	18	2012.9444	65.2778	3.4756
137	ethylene glycol	0.6181	-0.7869	3	131	543	40	2013.75	90.025	2.489
138	ethylenedioxythiophene	-0.5054	-0.7039	2	115	429	20	2019.95	158.4	3.922
139	excellent biocompatibility	-0.6682	-0.1506	2	155	466	34	2018.9412	19.6471	1.4521
140	extent	-0.0302	-0.3419	3	115	252	25	2011.4	16.92	0.5819
141	external stimuli	-0.5607	0.2879	1	139	420	30	2019.3333	49	1.7875
142	extracellular matrix	-0.5436	-0.5575	2	154	602	36	2015.1667	38.8611	1.364
143	fbr	-0.2702	0.101	3	47	259	24	2016.875	64.0833	1.509
144	fiber	-0.3406	-0.3711	2	232	3166	163	2016.7362	27.8221	0.8045
145	film	0.5102	-0.6056	3	275	5494	367	2013.891	42.4033	1.5482
146	fluorescence	0.5314	0.3563	4	114	458	44	2015.0909	16.6818	0.6249
147	food	-0.1211	0.5895	1	147	635	54	2019.7593	13.6296	0.5659
148	fourier	0.9135	-0.6366	5	124	475	33	2014.697	42.1212	1.2532
149	frequency	0.7475	0.2099	4	167	1037	108	2013.75	22.9352	0.4416
150	ftir	0.6291	-0.9151	5	115	554	30	2015.3	37.4667	1.03
151	functional biomaterial	-0.063	-0.2699	2	153	507	35	2019.5429	40.9714	2.4864
152	functional group	0.2472	-0.6334	3	192	951	56	2017.6964	31	1.056
153	functional material	-0.6204	0.0047	2	145	516	36	2022.0278	45.1389	2.3592
154	gel	-0.1713	-0.5262	5	176	1079	80	2016.2125	28.7	0.9533
155	gelatin	-0.6019	-0.3296	2	114	449	31	2021.6774	14.8065	4.0406
156	gene	-0.0123	0.7835	4	140	654	48	2015.1458	24	0.5553
157	gene delivery	-0.7333	0.2939	1	94	298	23	2017.9565	46.1304	1.5262
158	genetic engineering	-0.4757	0.6424	1	103	260	20	2017.75	8.25	0.4621
159	glass	0.0495	-0.2877	5	168	984	60	2013.2333	16.8833	0.5085
160	glucose	0.911	0.1271	4	191	1283	80	2014.8125	41.4	1.1779
161	glucose concentration	1.1052	0.3857	4	91	327	23	2016.6957	18.087	0.6706
162	glucose oxidase	0.971	-0.3264	5	144	641	35	2011.9429	30.9143	0.9305
163	glycopolymer	0.5094	-0.2772	4	26	232	18	2022.3333	45.2222	1.5731
164	gold	0.4462	0.0837	4	181	582	42	2015.619	27.5952	0.7471
165	gold nanoparticle	0.6684	-0.0708	5	163	696	43	2016.3953	30.1395	1.1413
166	good biocompatibility	-0.6006	-0.374	2	134	411	22	2018.3182	82.1364	2.3063
167	gox	1.0487	-0.3651	5	99	672	36	2016.7778	23.4167	0.9995
168	graphene	0.2103	-0.0237	3	208	1991	136	2018.5662	40.8162	1.2015
169	graphene oxide	0.2582	-0.5229	5	156	950	58	2020.6379	47.7241	1.8709
170	graphene sheet	0.567	-0.1781	3	54	347	23	2014.8261	20.1304	0.8344
171	great interest	0.1898	-0.6113	3	106	220	20	2016.05	32.1	1.5423
172	health	-0.6317	0.6705	1	175	721	82	2018.2073	14.4878	0.6768
173	healthcare	-0.7438	0.4987	1	194	968	68	2021.4559	16.4853	1.072
174	heart	-0.6603	0.6204	1	65	188	30	2014.7333	10.1667	0.8078
175	high sensitivity	0.9995	0.5472	4	198	1465	83	2017.3614	42.3855	1.3405
176	hyaluronic acid	-0.1629	-0.4625	3	83	271	19	2016.1579	21.8947	0.8359
177	hybrid material	-0.0144	-0.1062	2	126	340	28	2017.1429	32.7857	1.5865
178	hydrogel	-0.4685	-0.2019	2	281	7421	579	2020.1313	79.8774	2.7978
179	hydrophilicity	-0.3255	-0.7569	2	130	441	28	2017.3214	31	0.9171
180	identification	0.3591	0.7051	4	144	531	45	2014.3556	19.6667	0.9183
181	immobilization	0.6438	-0.2616	5	264	3212	216	2013.3889	33.7546	0.7078
182	immunosensor	1.0142	0.3989	4	121	530	27	2011.0741	125.4074	1.9313
183	implantable device	-0.5919	-0.0954	1	114	264	20	2017.4	123.7	3.701
184	implantation	-0.0701	-0.1124	3	159	716	54	2012.3519	44.1667	1.1208
185	infection	-0.1109	0.6099	4	173	888	57	2019.2281	28.3684	0.8992
186	intelligent biomaterial	-0.9652	0.615	1	50	172	25	2022.96	19.24	1.9729
187	interface	0.098	-0.2665	3	296	4308	265	2013.834	41.0604	1.3477
188	ion	0.3144	-0.4487	5	186	938	66	2014.8485	22.1515	1.3581
189	kinetic	0.2453	-0.5534	3	174	747	56	2015.8393	34.0357	1.1064
190	large surface area	0.0418	-0.1444	2	173	554	31	2020.3226	23.871	0.9247
191	laser	-0.5715	-0.452	3	122	620	50	2012.38	28.84	0.7171
192	ligand	0.3533	-0.0205	3	139	551	45	2013.5333	38	0.9528
193	light	0.2513	0.3175	4	214	1297	104	2016.2308	29.5962	0.9278
194	lignin	-0.2204	-0.2837	2	72	465	42	2022.2143	65.9286	2.1815
195	lipid	0.2862	-0.1835	3	90	296	27	2015.8519	29.8889	0.9856
196	low cost	0.1519	0.6615	4	175	887	64	2018.3438	37.4375	1.6796
197	lysozyme	1.3544	-0.717	3	51	348	24	2012.2083	45.5833	1.3374
198	macrophage	0.6414	0.4728	3	88	442	23	2016.3478	21.5652	0.6191
199	magnetic resonance imaging	-0.3683	0.5468	1	108	241	25	2013.92	8.28	0.5266
200	material surface	-0.3337	-0.807	3	72	308	21	2015.2381	57.3333	2.5021
201	materials science	-0.8204	0.0443	1	154	465	36	2019	28	1.1391
202	measurement	0.6925	0.1148	4	267	3518	309	2011.7055	39.301	0.8031
203	mechanical property	-0.5751	-0.4847	2	261	2015	127	2017.5827	38.0315	1.4995
204	mechanical strength	-0.7729	-0.2651	2	171	718	40	2021.425	19.55	1.3112
205	medical application	-0.5094	-0.1524	2	205	1025	63	2018.6032	34.873	1.1174
206	medical device	-0.7404	-0.0624	1	229	1500	96	2017.3854	25.8438	1.2212
207	medical diagnostic	0.1306	0.5549	1	101	267	22	2018.8636	20.4091	0.9196
208	medical implant	-0.4711	-0.1034	1	112	353	29	2014.8276	53.1379	1.0535
209	medical physics	-0.8658	0.6704	1	22	103	28	2015.8571	15.1071	0.7409
210	metal ion	-0.2503	-0.2394	2	119	406	27	2017.9259	23.4815	0.9033
211	mhz	1.1941	0.3499	4	44	165	19	2011.4211	13.8947	0.3479
212	microfluidic	-0.3228	0.5696	1	145	465	48	2017.875	34.7083	1.8227
213	microfluidic channel	0.9105	0.7017	4	86	319	21	2016.0476	6.1905	0.1594
214	microfluidic device	-0.0042	0.8123	1	94	325	25	2015.24	49.96	1.4247
215	miniaturization	-0.1235	0.6615	1	109	260	19	2018	14	0.6112
216	modification	0.1367	-0.481	3	259	1905	130	2016.2846	37.8692	1.7412
217	monitoring	0.0443	0.6619	1	269	2415	197	2017.0558	31.2386	1.0221
218	monolayer	0.8614	-0.3949	3	166	1084	84	2011.4762	57.6667	1.2225
219	monomer	0.511	-0.6351	3	163	1078	58	2012.7931	31.6034	0.9602
220	morphology	-0.13	-0.5913	2	250	1887	122	2015.9344	35.1148	1.3893
221	mxene	-0.8057	0.0401	2	82	653	53	2023.4151	36.0755	2.2622
222	nanobiotechnology	-0.2846	0.3733	6	102	287	21	2013.9524	58.6667	0.9581
223	nanocellulose	-0.8554	-0.1608	2	58	307	32	2022.2812	8.1562	0.3934
224	nanofiber	-0.4376	-0.587	2	209	2319	125	2018.144	44.744	1.4536
225	nanomaterial	-0.2568	0.2832	1	294	4737	348	2019.8477	39.0603	1.4186
226	nanomedicine	-0.7168	0.4778	1	143	687	46	2018.7391	22.0652	0.8207
227	nanowire	0.7492	1.0456	4	83	392	34	2015.1176	74.8824	1.6527
228	natural polymer	-0.6639	-0.6643	2	89	374	25	2020.24	80.56	2.6607
229	nm riu	1.2672	0.6993	4	56	255	22	2019.9091	35.7727	1.3227
230	novel biosensor	0.2857	0.565	1	75	195	18	2019.3333	16.2778	0.5411
231	optical biosensor	0.9416	0.3606	4	119	351	35	2017.0857	43.4	0.7625
232	optical property	0.4055	-0.0606	4	151	454	34	2017.7647	23.1471	0.8484
233	organ	-0.6264	0.4601	1	205	1362	110	2018.6727	14.6273	0.9114
234	orientation	0.9006	-0.6151	3	159	1276	85	2012.1882	54.0471	1.0509
235	orthopedic	-0.9155	0.2276	1	74	253	19	2018.4211	23.3158	2.1916
236	pathogen	0.3643	0.7832	4	134	515	29	2018.5172	32.7586	1.3899
237	pdms	0.4047	-0.0347	3	94	303	23	2016.6522	27.913	0.8587
238	pedotpss	-0.3736	-0.9617	2	51	388	21	2020	27	0.6504
239	peg	0.8581	-0.483	3	125	833	43	2015.093	68.814	2.1746
240	peptide	-0.007	0.0251	3	243	4047	277	2016.4585	43.2202	1.2235
241	physical property	-0.1526	-0.5599	2	186	585	38	2017.1579	134.7105	3.505
242	physicochemical property	-0.6224	-0.3921	2	189	704	45	2019.8	39.1111	1.571
243	plasma	0.1566	-0.7824	3	157	1188	65	2012.6615	31.8769	0.9103
244	polyaniline	-0.7285	-0.6832	2	109	345	21	2018.5238	207.9524	5.0387
245	polymeric biomaterial	-0.9579	0.1943	1	98	680	49	2018.5102	20.9796	1.1049
246	polymerization	0.4692	-0.6257	3	162	925	60	2012.85	55.55	1.509
247	polypyrrole	-0.5941	-0.7265	2	128	451	28	2015.1429	178.7857	3.7824
248	polysaccharide	-0.2923	-0.4192	2	154	872	67	2019.9851	43.6716	1.6148
249	porosity	-0.5233	-0.2988	2	141	551	39	2018.9231	25.7436	1.1049
250	porous silicon	0.885	-0.4137	4	44	227	27	2010.0741	19.8519	0.6617
251	probe	0.619	0.2879	4	195	950	78	2016.4487	24.7692	1.0926
252	protein	0.2943	-0.3344	3	309	10428	837	2013.1565	50.5771	1.488
253	protein adsorption	0.6391	-0.9906	3	160	1651	109	2011.4128	61.6697	1.37
254	protocol	0.6217	-0.0976	5	141	691	66	2011.5152	27.1061	0.821
255	qcm	0.8222	-0.6498	3	77	309	19	2012.7368	46.5789	0.9616
256	quantum dot	0.1324	0.2788	4	144	538	37	2019	13.5135	0.6758
257	quartz crystal microbalance	0.8748	-0.7377	3	121	615	33	2013.3636	54.3333	0.9768
258	radiation	0.3419	0.6083	1	94	268	42	2014.9762	12.0714	0.4592
259	reaction	0.5737	0.2325	4	249	2051	154	2014.1429	46.5065	1.0084
260	real time monitoring	-0.0806	0.5561	1	131	449	37	2019.0541	22.3243	1.1693
261	receptor	0.413	0.3465	4	199	1325	87	2013.7931	29.6667	0.8325
262	reduction	0.3867	0.0055	5	218	1047	72	2014.5972	17.7778	0.5089
263	refractive index	1.199	0.4975	4	85	495	46	2017.913	28.6739	0.8909
264	regeneration	-0.7978	0.1136	1	213	1232	75	2019.2933	25.44	1.1172
265	regenerative medicine	-0.9309	0.1117	1	226	1946	118	2020.4661	22.8051	1.3456
266	reproducibility	0.4758	0.127	5	161	506	36	2016.0278	37.0833	1.5944
267	resilin	-1.0626	-1.0298	2	25	212	22	2016.0455	75.4091	3.9672
268	resistance	0.3924	-0.5395	3	212	1407	89	2011.7753	52.9888	1.2179
269	rgo	0.4654	-0.8925	5	70	335	21	2019.8095	31.5238	1.5316
270	rna	0.2152	0.7742	4	115	422	28	2015.1429	73.9643	1.3184
271	sars cov	0.2282	1.463	4	55	505	31	2022	10.9677	0.4376
272	scaffold	-0.7442	-0.3594	2	285	4973	286	2017.6573	36.3671	1.3206
273	selectivity	0.5746	0.4654	4	234	1830	112	2017.75	25.8482	1.1183
274	self assembly	-0.1367	-0.3325	2	196	1440	103	2017.3301	39.2524	1.5404
275	sensing	0.4249	0.4419	4	252	1969	150	2018.5133	25.8867	0.9484
276	sensitivity	0.7279	0.5834	4	299	5020	364	2017.511	26.1016	0.9909
277	sensor	0.4231	0.5389	4	316	6792	582	2015.1409	33.0773	1.1562
278	signal	0.4472	0.6595	4	254	2653	268	2013.4664	18.1716	0.573
279	significant attention	-0.5091	0.0231	2	136	388	26	2023	13.0385	0.8895
280	silica	-0.3049	-0.3009	5	120	544	41	2015.2439	49.9024	1.3665
281	silicon	0.7633	-0.1389	4	149	775	57	2012.6667	28.7193	0.6702
282	silk fibroin	-0.9588	-0.3242	2	107	609	38	2018.3158	48.9474	2.2404
283	silver nanoparticle	0.6295	0.2333	4	108	441	31	2018.9355	26.3548	0.9261
284	simplicity	0.6996	0.4647	4	96	307	25	2013.76	55.36	1.7441
285	simulation	0.6248	0.3802	4	179	1232	165	2014.4242	7.8242	0.3031
286	skin	-0.6724	0.2423	1	156	708	61	2018.1967	30.0328	1.6863
287	smart biomaterial	-0.7374	0.2341	1	142	600	48	2019.1458	43.0833	2.2435
288	smart material	-0.855	0.0718	1	108	340	30	2020.0667	34.6667	2.071
289	soft tissue	-0.4772	0.363	1	57	143	23	2015.0435	7.7826	0.3629
290	software	-0.2283	0.8783	1	110	476	64	2013.1719	4.7969	0.236
291	sol gel	0.199	-0.3629	5	62	244	24	2007.4167	35.3333	0.7842
292	solution	0.377	0.1452	4	309	4457	298	2014.9698	26.8691	0.8317
293	spectroscopy	0.9367	-0.3738	5	236	2447	166	2012.3253	96.4518	1.6183
294	stem cell	-0.8348	-0.2579	2	169	838	42	2017.8095	34.4048	1.6536
295	substrate	0.4397	-0.4531	3	292	4280	305	2014.2164	32.4852	1.1897
296	surface chemistry	0.0844	-0.5763	3	176	825	54	2012.8333	41.1852	2.0283
297	surface functionalization	-0.0212	-0.6442	3	118	321	21	2015.619	52.4286	3.2262
298	surface modification	-0.0772	-0.8839	3	200	1490	81	2015.5185	32.7654	2.3902
299	surface plasmon resonance	1.1446	0.2809	4	119	494	37	2014.2973	36.8108	0.8888
300	surface property	0.0917	-0.8363	3	149	603	40	2015.325	33.875	0.8744
301	sustainability	-0.8166	0.4691	1	117	364	24	2022.9167	10.125	0.619
302	swnt	0.4715	-0.7665	6	54	313	24	2009.3333	47.6667	1.2792
303	synthesis	-0.2257	-0.1291	2	287	3307	240	2018.7208	64.1208	2.3245
304	synthetic biology	-0.3868	0.6288	1	82	260	32	2019.5938	14.9062	0.4614
305	synthetic polymer	-0.592	-0.43	2	124	363	22	2018.9545	28.9091	1.4999
306	tem	0.8869	-0.1831	5	128	487	31	2015	33.4516	0.8441
307	therapeutic	-0.4887	0.4589	1	173	638	50	2019.7	33.36	1.1182
308	therapeutic application	-0.8791	0.3863	1	106	352	30	2021.6667	46.9	2.9382
309	thickness	0.9951	0.003	4	178	1415	115	2013.6348	32.8783	1.0162
310	thin film	0.2007	-0.8227	3	180	1128	89	2014.7753	23.2697	0.5424
311	tissue	-0.6478	0.1296	1	286	4880	390	2016.3154	34.0077	1.1706
312	tissue engineering	-0.773	-0.1555	2	307	6957	461	2018.4295	60.5857	1.9826
313	tissue engineering application	-0.9464	-0.4779	2	157	587	32	2016.625	78.1875	1.7493
314	tissue engineering scaffold	-0.7207	-0.568	2	180	900	45	2016.8889	88.9556	1.8923
315	tissue regeneration	-0.8523	-0.0228	2	200	1172	74	2019.4865	51.7027	2.1076
316	tissue scaffold	-0.7765	-0.1828	2	122	433	24	2017.5	24.375	1.346
317	toxicity	-0.6113	-0.0528	2	194	962	61	2019.7213	56.0492	1.3382
318	toxin	0.3063	0.9329	6	97	408	31	2015.7742	22.4839	0.6972
319	transducer	0.8507	0.2395	4	161	998	69	2010.9275	74.6667	1.187
320	transmission electron microscopy	0.9599	-0.4035	5	127	474	28	2013.5	40.6071	1.1355
321	tumor	-0.1259	0.5743	1	102	406	44	2015.7273	21.2273	1.4321
322	unique property	-0.7099	-0.0264	2	174	700	38	2020.0263	45.5	1.6265
323	utility	-0.2018	-0.1892	2	145	433	28	2017.25	68.75	3.2901
324	variation	0.974	0.5608	4	145	754	77	2015.6623	11.6753	0.4745
325	virus	0.1162	0.8447	4	145	651	51	2018.6667	28.2745	0.9983
326	waveguide	1.3554	0.6337	4	62	515	43	2017.2093	30.7442	1.1755
327	wavelength	1.1855	0.4894	4	87	423	43	2015.5116	21.907	0.8874
328	wearable biosensor	-0.6594	0.5112	1	99	336	22	2023.5	31.6818	1.3919
329	wettability	0.1406	-0.9556	3	143	639	42	2014.5238	37.881	1.7088
330	wound dressing	-0.9023	-0.1798	2	135	527	38	2021.3421	46.5263	2.5493
331	wound healing	-0.9274	0.0294	2	164	684	43	2022.6977	23.7674	1.2536
332	x ray photoelectron spectroscopy	0.8074	-0.5858	3	121	379	24	2009.7083	57.3333	1.1361
333	xrd	0.683	-0.5392	5	103	314	19	2019.0526	24.3158	0.8687
