1	3	3
1	4	2
1	6	1
1	7	2
1	12	2
1	16	1
1	18	1
1	20	2
1	22	1
1	33	1
1	40	1
1	49	2
1	55	1
1	57	2
1	58	1
1	62	3
1	63	3
1	64	1
1	66	3
1	70	1
1	71	1
1	75	1
1	85	5
1	92	2
1	100	1
1	101	2
1	102	6
1	104	2
1	107	1
1	110	1
1	111	1
1	113	1
1	118	1
1	119	1
1	125	1
1	133	1
1	139	2
1	155	1
1	157	1
1	160	1
1	163	1
1	174	1
1	175	1
1	186	5
1	189	4
1	191	1
1	208	6
1	215	1
1	219	2
1	226	1
2	3	6
2	8	3
2	12	6
2	15	6
2	16	1
2	18	7
2	21	1
2	23	13
2	25	3
2	36	1
2	37	2
2	41	7
2	45	6
2	52	11
2	55	3
2	63	1
2	66	1
2	70	2
2	71	1
2	72	5
2	78	6
2	83	3
2	84	1
2	86	6
2	87	6
2	90	32
2	95	2
2	100	2
2	102	1
2	103	1
2	109	5
2	120	1
2	122	26
2	124	13
2	126	1
2	127	1
2	129	6
2	132	2
2	134	7
2	136	5
2	138	11
2	143	6
2	147	1
2	149	5
2	156	1
2	158	2
2	159	2
2	164	10
2	165	2
2	167	5
2	168	5
2	169	3
2	170	22
2	173	1
2	174	35
2	177	6
2	179	10
2	181	3
2	190	3
2	198	8
2	200	9
2	204	3
2	206	1
2	210	3
2	211	3
2	215	1
2	216	4
2	217	3
3	6	2
3	7	2
3	10	2
3	12	19
3	13	2
3	18	1
3	22	3
3	33	1
3	39	2
3	42	1
3	45	1
3	52	4
3	55	4
3	56	2
3	62	3
3	63	3
3	66	1
3	67	1
3	70	2
3	73	2
3	77	1
3	80	1
3	87	1
3	90	17
3	96	1
3	98	2
3	101	1
3	102	6
3	105	1
3	107	2
3	110	3
3	111	5
3	114	1
3	125	1
3	127	2
3	129	2
3	130	1
3	132	1
3	133	2
3	136	4
3	138	1
3	140	6
3	141	4
3	142	2
3	144	5
3	145	5
3	147	1
3	156	1
3	158	2
3	160	2
3	161	1
3	163	1
3	167	11
3	168	3
3	170	3
3	175	2
3	176	5
3	177	1
3	179	5
3	181	4
3	188	1
3	190	1
3	192	2
3	200	7
3	202	1
3	206	4
3	209	3
3	210	16
3	212	1
3	213	8
3	218	1
3	221	2
3	228	2
3	229	4
3	230	1
4	6	3
4	8	1
4	22	1
4	45	5
4	48	3
4	54	1
4	55	11
4	61	3
4	62	4
4	63	9
4	66	1
4	68	1
4	70	3
4	71	1
4	79	1
4	81	1
4	82	2
4	90	2
4	98	1
4	102	1
4	106	1
4	107	1
4	108	3
4	121	1
4	123	3
4	131	3
4	133	3
4	139	2
4	143	1
4	145	1
4	148	4
4	152	1
4	164	1
4	166	5
4	173	1
4	186	2
4	188	4
4	192	2
4	197	1
4	209	1
4	218	1
4	227	2
4	230	3
5	11	1
5	15	1
5	21	1
5	22	11
5	23	1
5	31	14
5	33	4
5	37	2
5	47	2
5	55	2
5	58	1
5	61	2
5	65	2
5	66	15
5	69	3
5	70	20
5	71	4
5	72	1
5	75	1
5	76	4
5	77	1
5	92	2
5	93	1
5	96	1
5	111	1
5	113	2
5	117	1
5	119	1
5	121	1
5	122	6
5	123	3
5	133	2
5	135	1
5	142	2
5	145	1
5	147	4
5	159	1
5	163	4
5	165	2
5	166	2
5	167	5
5	177	1
5	178	2
5	181	2
5	186	2
5	187	1
5	188	1
5	189	1
5	190	4
5	191	1
5	200	3
5	208	2
5	211	1
5	219	1
6	10	3
6	12	1
6	13	1
6	19	1
6	26	1
6	29	1
6	30	2
6	33	2
6	37	5
6	40	1
6	45	2
6	50	1
6	54	3
6	55	5
6	56	1
6	61	3
6	62	6
6	63	5
6	79	6
6	81	1
6	82	7
6	90	14
6	96	1
6	98	1
6	102	7
6	103	3
6	104	1
6	105	1
6	107	8
6	111	3
6	113	3
6	116	2
6	118	2
6	122	1
6	123	1
6	127	3
6	128	8
6	133	6
6	135	1
6	136	2
6	138	9
6	139	1
6	141	3
6	142	3
6	143	3
6	146	4
6	153	2
6	160	2
6	161	1
6	164	4
6	167	1
6	173	1
6	174	3
6	177	1
6	179	1
6	181	4
6	184	1
6	186	1
6	188	4
6	191	1
6	200	1
6	210	1
6	216	2
6	218	2
6	221	2
6	222	3
6	227	2
6	228	1
7	12	2
7	15	2
7	16	1
7	18	4
7	22	17
7	26	2
7	33	9
7	34	1
7	39	4
7	45	1
7	47	1
7	48	5
7	49	2
7	55	21
7	56	1
7	58	2
7	61	1
7	62	8
7	63	1
7	66	7
7	68	1
7	70	15
7	74	1
7	75	3
7	83	2
7	88	11
7	90	4
7	93	3
7	94	2
7	100	2
7	101	6
7	102	1
7	109	8
7	110	2
7	111	1
7	112	4
7	122	1
7	125	2
7	127	1
7	128	3
7	133	3
7	138	2
7	141	3
7	142	1
7	144	10
7	146	1
7	147	2
7	162	8
7	163	3
7	171	1
7	172	1
7	177	2
7	178	1
7	180	1
7	181	1
7	187	3
7	189	24
7	190	2
7	193	1
7	194	1
7	200	5
7	201	8
7	203	12
7	206	5
7	208	2
7	209	1
7	210	1
7	211	1
7	218	1
7	219	1
7	222	7
7	223	1
8	9	3
8	18	4
8	22	7
8	23	2
8	28	4
8	32	1
8	33	5
8	34	1
8	35	3
8	38	4
8	39	1
8	45	2
8	47	1
8	48	2
8	53	1
8	54	2
8	55	4
8	56	1
8	57	2
8	58	4
8	60	6
8	61	1
8	62	3
8	63	3
8	65	4
8	66	7
8	68	1
8	70	11
8	71	1
8	72	4
8	73	1
8	74	3
8	76	5
8	80	1
8	86	1
8	88	4
8	96	3
8	97	1
8	99	2
8	100	1
8	101	1
8	116	1
8	117	1
8	119	1
8	121	1
8	127	1
8	128	1
8	133	1
8	138	3
8	140	2
8	144	5
8	145	1
8	146	2
8	148	1
8	149	1
8	155	1
8	156	1
8	159	1
8	163	2
8	172	1
8	174	1
8	176	1
8	177	2
8	179	1
8	181	3
8	186	2
8	187	1
8	189	5
8	190	2
8	194	1
8	206	3
8	208	2
8	210	3
8	211	4
8	215	2
8	216	1
8	217	1
8	219	3
8	220	1
8	223	1
8	226	1
9	11	2
9	15	1
9	18	3
9	22	4
9	28	1
9	32	3
9	33	2
9	39	3
9	40	8
9	48	4
9	54	1
9	55	10
9	61	5
9	62	17
9	63	15
9	65	3
9	66	4
9	70	6
9	72	3
9	73	6
9	74	1
9	75	2
9	76	2
9	77	1
9	92	1
9	96	13
9	99	4
9	100	3
9	107	1
9	111	1
9	114	1
9	115	1
9	116	3
9	117	6
9	118	1
9	121	5
9	123	4
9	128	1
9	130	4
9	133	2
9	143	3
9	144	15
9	145	17
9	147	8
9	160	9
9	162	4
9	165	3
9	166	8
9	177	1
9	181	10
9	183	1
9	185	1
9	186	2
9	190	5
9	193	1
9	194	1
9	197	2
9	199	6
9	200	5
9	202	1
9	206	5
9	208	4
9	214	32
9	215	2
9	216	2
9	217	1
9	219	1
9	220	1
9	226	1
9	228	4
9	229	4
10	12	1
10	33	2
10	40	1
10	43	1
10	45	1
10	49	1
10	54	4
10	55	8
10	56	1
10	62	3
10	63	3
10	67	1
10	79	1
10	90	3
10	92	1
10	102	11
10	104	3
10	105	1
10	106	1
10	107	5
10	108	3
10	111	4
10	123	3
10	127	8
10	129	2
10	132	1
10	133	5
10	135	1
10	138	11
10	141	1
10	142	1
10	143	2
10	145	4
10	148	6
10	153	2
10	160	2
10	161	1
10	163	1
10	168	1
10	171	1
10	181	5
10	183	1
10	184	3
10	188	1
10	191	1
10	192	1
10	209	1
10	221	7
10	222	3
10	227	1
10	230	1
11	15	6
11	16	1
11	18	5
11	22	1
11	23	4
11	24	4
11	25	4
11	26	3
11	28	1
11	29	3
11	31	1
11	33	2
11	37	1
11	39	1
11	44	3
11	45	16
11	46	1
11	47	1
11	54	5
11	55	1
11	57	2
11	62	1
11	63	1
11	64	1
11	65	3
11	66	4
11	70	6
11	71	4
11	72	6
11	75	1
11	76	5
11	81	2
11	89	1
11	93	1
11	94	1
11	96	1
11	99	1
11	100	1
11	101	2
11	102	3
11	103	1
11	104	2
11	107	1
11	110	1
11	114	5
11	117	2
11	119	1
11	124	1
11	125	1
11	126	2
11	127	1
11	137	2
11	138	1
11	142	1
11	144	4
11	145	4
11	147	7
11	149	2
11	150	2
11	151	6
11	155	1
11	159	4
11	160	2
11	163	1
11	165	4
11	169	2
11	170	1
11	171	1
11	172	1
11	173	2
11	176	1
11	179	1
11	180	1
11	181	3
11	182	1
11	185	4
11	186	6
11	190	13
11	192	1
11	194	1
11	198	4
11	202	2
11	204	6
11	206	7
11	208	2
11	210	3
11	211	2
11	213	1
11	215	1
11	216	16
11	217	2
11	225	2
12	15	1
12	18	2
12	22	1
12	30	1
12	33	1
12	39	2
12	41	7
12	42	1
12	45	1
12	52	5
12	55	3
12	56	2
12	62	3
12	63	1
12	66	1
12	79	1
12	80	2
12	84	1
12	86	1
12	87	1
12	90	13
12	94	1
12	98	2
12	102	5
12	105	1
12	107	2
12	111	3
12	126	1
12	127	1
12	129	1
12	132	2
12	133	1
12	136	3
12	138	2
12	140	6
12	141	4
12	144	5
12	160	2
12	161	1
12	163	1
12	167	6
12	170	3
12	175	1
12	176	2
12	177	1
12	179	3
12	181	3
12	192	1
12	194	1
12	195	3
12	200	7
12	206	3
12	209	1
12	210	11
12	212	1
12	213	3
12	218	2
12	221	1
12	228	4
12	229	2
13	22	2
13	33	6
13	55	3
13	61	7
13	62	8
13	78	1
13	90	7
13	102	2
13	103	8
13	107	9
13	110	6
13	116	3
13	123	6
13	128	3
13	129	2
13	133	2
13	142	7
13	143	3
13	145	3
13	153	3
13	155	2
13	160	2
13	163	3
13	167	6
13	168	9
13	176	2
13	179	3
13	181	10
13	183	2
13	184	5
13	188	8
13	190	2
13	191	1
13	200	1
13	212	3
13	213	6
13	229	2
14	15	2
14	22	6
14	27	10
14	33	4
14	37	1
14	43	1
14	49	1
14	54	4
14	61	2
14	62	1
14	67	2
14	68	1
14	70	1
14	71	12
14	72	10
14	76	1
14	77	1
14	83	2
14	87	10
14	90	8
14	94	10
14	96	3
14	97	1
14	101	10
14	111	3
14	119	1
14	143	6
14	147	1
14	158	2
14	162	1
14	163	2
14	165	6
14	169	1
14	174	10
14	177	5
14	180	4
14	191	1
14	193	2
14	199	2
14	215	10
14	216	20
14	225	8
15	16	1
15	18	1
15	21	4
15	22	31
15	23	5
15	25	2
15	27	1
15	36	1
15	37	1
15	39	2
15	43	2
15	44	1
15	45	13
15	46	3
15	49	2
15	52	4
15	54	4
15	55	23
15	61	2
15	62	7
15	63	7
15	67	1
15	68	1
15	70	40
15	71	2
15	72	2
15	74	6
15	76	1
15	77	3
15	78	2
15	79	2
15	81	2
15	83	22
15	86	2
15	90	5
15	92	2
15	96	5
15	97	1
15	98	3
15	99	2
15	102	1
15	111	14
15	114	10
15	115	2
15	117	1
15	119	10
15	120	2
15	122	11
15	124	20
15	125	5
15	126	7
15	127	3
15	128	3
15	132	1
15	137	3
15	138	4
15	139	5
15	142	1
15	145	9
15	146	2
15	147	13
15	149	2
15	155	1
15	158	1
15	159	15
15	160	6
15	162	31
15	165	62
15	168	2
15	169	2
15	171	8
15	177	3
15	179	1
15	181	3
15	183	3
15	184	6
15	186	6
15	187	1
15	188	1
15	189	4
15	191	3
15	192	6
15	194	2
15	195	3
15	198	1
15	199	7
15	200	18
15	202	1
15	206	9
15	210	2
15	211	2
15	212	1
15	213	2
15	215	5
15	222	8
15	223	2
15	224	11
15	227	3
15	228	6
15	229	5
15	230	3
16	18	1
16	26	1
16	27	2
16	43	2
16	54	1
16	55	4
16	57	2
16	62	1
16	64	1
16	71	1
16	72	2
16	76	2
16	83	1
16	88	2
16	92	1
16	95	1
16	100	1
16	102	6
16	104	2
16	110	1
16	127	1
16	132	3
16	138	8
16	141	3
16	144	4
16	145	2
16	160	1
16	165	2
16	179	1
16	180	1
16	181	3
16	186	8
16	189	9
16	190	2
16	200	1
16	204	1
16	206	3
16	207	15
16	209	2
16	218	1
17	22	19
17	33	5
17	48	9
17	54	27
17	55	122
17	56	4
17	57	5
17	62	5
17	63	23
17	67	13
17	70	19
17	73	23
17	89	19
17	92	9
17	93	17
17	116	13
17	119	4
17	132	25
17	138	29
17	152	35
17	158	9
17	160	5
17	163	5
17	171	5
17	172	5
17	173	11
17	181	73
17	184	5
17	198	11
17	208	8
17	222	3
17	223	9
17	225	21
18	19	3
18	20	2
18	21	5
18	22	7
18	23	16
18	24	5
18	25	5
18	26	4
18	27	4
18	30	2
18	33	2
18	34	1
18	35	2
18	37	7
18	40	1
18	41	3
18	42	5
18	44	1
18	45	11
18	47	2
18	50	1
18	51	1
18	52	29
18	53	2
18	54	3
18	55	18
18	56	1
18	58	1
18	62	4
18	63	2
18	64	4
18	66	6
18	70	3
18	71	8
18	72	13
18	74	1
18	75	2
18	78	2
18	79	2
18	83	1
18	84	1
18	87	4
18	89	3
18	90	10
18	92	2
18	96	8
18	97	1
18	98	1
18	99	3
18	100	3
18	101	4
18	102	2
18	109	8
18	110	1
18	111	3
18	113	1
18	114	2
18	115	1
18	116	1
18	117	1
18	118	3
18	119	1
18	121	1
18	122	31
18	123	3
18	124	9
18	125	2
18	126	3
18	127	1
18	131	2
18	134	2
18	135	3
18	136	6
18	137	5
18	138	6
18	139	3
18	140	5
18	141	1
18	142	2
18	143	8
18	144	12
18	145	10
18	146	15
18	147	21
18	148	3
18	149	4
18	150	3
18	156	5
18	157	4
18	159	1
18	160	6
18	162	5
18	163	2
18	165	12
18	166	3
18	167	3
18	168	1
18	169	5
18	170	4
18	171	2
18	172	1
18	173	2
18	174	4
18	175	2
18	176	1
18	177	4
18	178	9
18	179	1
18	180	2
18	181	8
18	184	1
18	185	4
18	186	9
18	188	1
18	189	9
18	190	4
18	192	4
18	194	1
18	195	2
18	196	4
18	198	1
18	200	8
18	201	8
18	203	4
18	204	2
18	206	13
18	209	1
18	210	4
18	211	7
18	212	1
18	213	1
18	215	5
18	216	15
18	217	5
18	218	2
18	219	3
18	222	1
18	223	3
18	224	3
18	226	3
18	227	2
18	228	2
18	229	1
18	230	2
19	20	1
19	22	4
19	23	1
19	29	1
19	41	1
19	45	3
19	58	8
19	66	9
19	70	4
19	78	1
19	79	3
19	82	4
19	90	5
19	96	1
19	101	1
19	104	1
19	106	3
19	114	2
19	115	1
19	116	2
19	118	3
19	121	1
19	122	5
19	133	1
19	135	2
19	137	1
19	141	3
19	143	1
19	146	5
19	148	4
19	154	2
19	159	1
19	163	2
19	169	2
19	174	1
19	175	2
19	181	2
19	189	4
19	195	1
19	197	1
19	200	1
19	209	1
19	210	2
19	226	2
19	227	1
20	54	4
20	61	4
20	86	6
20	87	2
20	94	1
20	101	1
20	108	4
20	110	4
20	117	1
20	119	2
20	121	1
20	124	2
20	133	1
20	138	26
20	142	1
20	146	5
20	154	6
20	156	4
20	162	1
20	174	2
20	182	4
20	198	4
20	200	4
20	208	4
20	215	2
20	219	4
20	228	1
21	22	1
21	23	3
21	25	1
21	42	1
21	52	1
21	54	2
21	55	3
21	57	1
21	63	1
21	71	4
21	72	3
21	83	1
21	92	1
21	96	1
21	98	1
21	111	5
21	123	1
21	128	1
21	129	1
21	137	5
21	147	2
21	159	3
21	160	2
21	161	1
21	165	2
21	166	1
21	172	2
21	177	1
21	181	1
21	186	1
21	192	1
21	195	1
21	200	3
21	206	1
21	211	2
21	215	10
21	217	2
21	227	1
21	230	1
22	23	2
22	25	2
22	26	2
22	27	1
22	28	18
22	30	2
22	31	6
22	32	17
22	33	104
22	34	15
22	35	29
22	37	6
22	38	7
22	39	15
22	40	1
22	45	2
22	46	3
22	47	9
22	48	9
22	49	6
22	50	1
22	51	1
22	52	6
22	53	4
22	54	13
22	55	60
22	56	6
22	57	9
22	58	14
22	59	20
22	60	4
22	61	9
22	62	26
22	63	17
22	65	17
22	66	77
22	67	2
22	68	6
22	69	5
22	70	115
22	71	12
22	72	2
22	73	10
22	74	28
22	75	28
22	76	11
22	77	9
22	78	5
22	79	1
22	80	1
22	81	1
22	83	1
22	84	1
22	85	18
22	87	6
22	88	6
22	89	2
22	90	1
22	91	4
22	92	8
22	93	10
22	94	3
22	96	1
22	98	1
22	99	7
22	101	1
22	102	7
22	106	2
22	109	8
22	110	4
22	111	9
22	112	7
22	114	19
22	115	9
22	116	6
22	117	3
22	118	1
22	119	5
22	120	2
22	121	1
22	122	6
22	123	6
22	124	1
22	125	2
22	127	7
22	128	2
22	129	2
22	130	2
22	131	2
22	132	7
22	133	9
22	135	23
22	137	8
22	138	8
22	139	2
22	140	7
22	141	2
22	142	4
22	143	4
22	144	6
22	145	5
22	146	2
22	147	40
22	148	1
22	149	6
22	152	5
22	153	1
22	155	10
22	156	2
22	158	7
22	160	1
22	161	1
22	162	11
22	163	36
22	165	50
22	167	4
22	168	3
22	171	11
22	172	3
22	173	5
22	174	1
22	175	1
22	177	2
22	178	4
22	180	2
22	181	24
22	182	3
22	183	8
22	184	1
22	185	1
22	186	8
22	187	7
22	188	4
22	189	20
22	190	5
22	192	2
22	193	7
22	194	27
22	198	7
22	199	2
22	200	17
22	202	5
22	204	24
22	206	5
22	208	41
22	209	1
22	210	6
22	211	23
22	212	1
22	213	2
22	215	21
22	216	1
22	217	1
22	218	1
22	219	16
22	220	10
22	221	1
22	222	21
22	223	1
22	224	7
22	226	5
22	230	2
23	24	7
23	25	24
23	27	4
23	30	1
23	33	2
23	36	7
23	37	2
23	39	2
23	40	1
23	41	3
23	42	1
23	45	3
23	47	5
23	48	1
23	52	8
23	53	1
23	54	1
23	55	5
23	62	5
23	64	14
23	66	4
23	67	2
23	70	2
23	71	2
23	72	25
23	81	4
23	83	1
23	84	1
23	86	1
23	87	4
23	89	1
23	90	1
23	92	1
23	93	2
23	94	2
23	96	4
23	97	1
23	98	3
23	99	1
23	100	5
23	101	4
23	102	1
23	109	10
23	111	2
23	112	8
23	114	1
23	118	1
23	119	6
23	121	3
23	122	67
23	123	2
23	127	1
23	132	3
23	133	2
23	134	1
23	135	1
23	136	8
23	137	2
23	140	4
23	142	6
23	143	3
23	144	6
23	145	12
23	146	28
23	147	31
23	149	6
23	151	12
23	154	4
23	155	2
23	156	7
23	157	1
23	159	2
23	162	4
23	164	2
23	165	6
23	166	1
23	167	1
23	168	12
23	169	3
23	170	1
23	171	2
23	172	3
23	173	6
23	174	9
23	178	8
23	179	1
23	180	1
23	181	3
23	182	2
23	183	2
23	185	4
23	186	3
23	188	2
23	189	1
23	190	7
23	191	1
23	192	3
23	194	8
23	195	2
23	198	7
23	200	4
23	201	1
23	202	1
23	203	1
23	204	3
23	206	12
23	208	1
23	209	2
23	210	3
23	211	19
23	212	1
23	213	1
23	215	1
23	216	22
23	217	6
23	218	2
23	219	3
23	221	1
23	222	1
23	223	3
23	227	1
23	230	3
24	25	2
24	26	2
24	27	1
24	40	1
24	45	12
24	47	2
24	55	1
24	67	1
24	71	2
24	81	4
24	101	2
24	112	4
24	123	1
24	137	2
24	144	6
24	145	2
24	146	4
24	147	5
24	149	2
24	156	2
24	165	1
24	166	1
24	173	3
24	178	2
24	185	2
24	206	6
24	210	2
24	211	4
24	216	10
24	217	2
25	26	1
25	27	2
25	29	3
25	36	1
25	41	2
25	42	1
25	44	4
25	45	21
25	47	1
25	54	1
25	55	1
25	63	2
25	71	2
25	72	9
25	84	1
25	90	1
25	96	5
25	97	1
25	101	1
25	102	1
25	119	4
25	122	6
25	123	1
25	136	1
25	137	4
25	138	1
25	142	4
25	143	5
25	145	2
25	146	25
25	147	5
25	149	5
25	150	1
25	155	1
25	159	1
25	160	1
25	165	2
25	166	1
25	170	6
25	174	4
25	176	1
25	177	2
25	179	1
25	181	1
25	184	1
25	185	1
25	186	1
25	190	5
25	192	1
25	194	4
25	205	4
25	206	6
25	211	2
25	213	2
25	216	10
25	223	1
26	28	1
26	30	1
26	37	4
26	41	2
26	45	6
26	50	1
26	51	1
26	53	1
26	54	1
26	55	4
26	61	2
26	62	5
26	63	2
26	66	3
26	67	3
26	68	2
26	69	1
26	71	1
26	72	1
26	79	4
26	81	1
26	88	4
26	89	2
26	90	4
26	96	2
26	97	1
26	99	3
26	100	1
26	101	1
26	102	5
26	103	1
26	107	5
26	109	4
26	111	3
26	112	8
26	117	1
26	122	2
26	128	1
26	133	3
26	137	1
26	138	2
26	144	4
26	145	3
26	147	14
26	157	2
26	160	1
26	161	1
26	162	1
26	173	1
26	177	1
26	178	3
26	181	2
26	182	1
26	184	2
26	185	1
26	187	1
26	194	1
26	200	3
26	206	9
26	208	1
26	209	2
26	216	4
26	218	2
26	223	1
26	228	1
27	28	1
27	33	2
27	36	1
27	39	1
27	41	1
27	42	1
27	44	1
27	45	5
27	46	1
27	53	1
27	55	4
27	61	1
27	67	1
27	70	1
27	71	2
27	72	14
27	74	1
27	76	3
27	84	2
27	87	3
27	90	3
27	94	1
27	96	1
27	97	1
27	100	1
27	101	1
27	102	1
27	106	1
27	107	2
27	117	2
27	118	1
27	122	15
27	131	1
27	132	6
27	133	1
27	136	1
27	138	6
27	140	5
27	142	2
27	143	3
27	145	2
27	146	6
27	147	3
27	156	2
27	165	2
27	166	2
27	171	3
27	173	1
27	174	2
27	177	2
27	181	3
27	182	1
27	185	2
27	186	5
27	190	5
27	194	1
27	196	1
27	198	1
27	200	1
27	205	4
27	207	15
27	211	1
27	215	3
27	216	8
27	217	3
27	222	1
27	223	1
28	33	10
28	34	1
28	35	4
28	37	3
28	38	7
28	39	2
28	42	8
28	47	3
28	50	4
28	51	2
28	52	2
28	53	2
28	54	1
28	55	5
28	57	7
28	63	1
28	65	10
28	66	17
28	69	1
28	70	21
28	71	2
28	72	3
28	73	3
28	74	9
28	75	1
28	76	4
28	79	1
28	87	1
28	92	1
28	96	2
28	99	2
28	100	1
28	102	2
28	103	1
28	104	2
28	107	1
28	114	2
28	115	1
28	119	2
28	122	6
28	124	1
28	135	1
28	137	1
28	138	3
28	139	1
28	147	3
28	150	1
28	156	3
28	162	1
28	163	9
28	167	1
28	171	4
28	173	1
28	177	1
28	182	2
28	185	1
28	186	1
28	187	1
28	190	1
28	194	2
28	199	1
28	202	1
28	206	1
28	208	3
28	211	10
28	214	1
28	215	3
28	216	3
28	222	1
29	43	1
29	55	7
29	67	1
29	82	4
29	84	2
29	90	16
29	111	1
29	126	1
29	138	5
29	141	6
29	150	3
29	167	2
29	168	1
29	174	1
29	176	3
29	179	3
29	181	2
29	192	3
29	197	1
29	205	1
29	213	6
30	37	4
30	47	1
30	52	13
30	54	4
30	55	10
30	56	1
30	59	2
30	62	3
30	63	1
30	66	2
30	70	1
30	71	2
30	74	1
30	79	1
30	80	3
30	84	1
30	90	10
30	96	2
30	102	2
30	107	1
30	110	1
30	111	1
30	114	2
30	118	1
30	120	2
30	123	1
30	127	1
30	128	1
30	133	2
30	135	1
30	137	2
30	141	1
30	143	1
30	147	3
30	164	6
30	167	2
30	168	2
30	169	1
30	171	1
30	174	1
30	175	1
30	176	3
30	177	2
30	179	1
30	180	1
30	182	4
30	184	3
30	186	1
30	191	2
30	192	1
30	196	3
30	200	2
30	204	1
30	209	2
30	212	2
30	213	1
30	216	1
30	218	2
30	220	2
30	222	1
30	224	1
30	228	1
30	229	2
31	37	5
31	55	6
31	61	2
31	62	1
31	66	9
31	67	1
31	69	2
31	70	14
31	71	10
31	76	10
31	122	10
31	157	1
31	160	1
31	163	2
31	178	5
31	186	5
31	190	10
31	200	2
31	208	5
31	215	1
32	33	16
32	34	5
32	35	7
32	37	2
32	39	5
32	48	2
32	49	1
32	54	2
32	55	3
32	62	9
32	63	2
32	66	10
32	68	1
32	70	1
32	73	3
32	74	6
32	75	6
32	76	1
32	77	3
32	78	2
32	80	1
32	111	7
32	113	4
32	116	1
32	117	2
32	120	2
32	127	1
32	128	3
32	130	2
32	133	5
32	135	6
32	140	2
32	143	1
32	145	6
32	147	6
32	155	9
32	161	2
32	162	2
32	163	6
32	165	6
32	166	1
32	172	2
32	173	3
32	180	2
32	181	2
32	182	2
32	183	1
32	184	2
32	186	2
32	187	1
32	188	5
32	191	2
32	192	3
32	193	3
32	194	1
32	202	4
32	206	1
32	208	4
32	209	1
32	210	4
32	215	2
32	219	1
32	220	2
32	226	3
32	230	2
33	34	11
33	35	22
33	37	8
33	38	8
33	39	17
33	40	1
33	43	4
33	45	1
33	47	8
33	48	5
33	49	5
33	50	2
33	51	1
33	53	1
33	54	6
33	55	31
33	56	9
33	57	5
33	58	1
33	62	19
33	63	5
33	65	10
33	66	40
33	68	1
33	69	1
33	70	31
33	71	9
33	72	4
33	73	4
33	74	20
33	75	24
33	76	3
33	77	3
33	78	3
33	81	1
33	85	11
33	87	4
33	88	5
33	90	4
33	91	4
33	92	7
33	93	4
33	94	1
33	99	3
33	101	2
33	102	2
33	103	1
33	104	1
33	106	1
33	110	2
33	111	9
33	112	2
33	113	2
33	114	1
33	116	4
33	117	5
33	120	3
33	121	3
33	122	3
33	123	8
33	127	6
33	128	1
33	130	1
33	131	2
33	132	2
33	133	10
33	135	12
33	137	4
33	138	1
33	139	1
33	140	1
33	141	1
33	143	2
33	144	5
33	145	6
33	146	2
33	147	29
33	149	1
33	152	1
33	153	2
33	155	18
33	156	1
33	160	5
33	162	3
33	163	50
33	165	1
33	166	4
33	167	4
33	171	3
33	172	5
33	173	3
33	174	5
33	175	1
33	177	1
33	178	3
33	181	10
33	182	3
33	183	3
33	184	4
33	185	1
33	186	6
33	187	7
33	188	5
33	189	1
33	190	14
33	191	4
33	192	5
33	193	4
33	194	12
33	199	3
33	200	6
33	206	4
33	208	21
33	209	3
33	210	3
33	211	12
33	212	1
33	215	2
33	216	3
33	217	2
33	219	12
33	220	7
33	221	2
33	222	15
33	223	1
33	225	4
33	226	3
33	230	1
34	35	6
34	53	1
34	54	1
34	55	5
34	62	2
34	66	2
34	67	2
34	70	3
34	74	1
34	77	1
34	87	1
34	90	1
34	113	2
34	122	12
34	128	2
34	133	2
34	134	1
34	135	1
34	145	1
34	147	1
34	149	1
34	155	1
34	156	1
34	161	1
34	163	7
34	180	1
34	186	2
34	192	2
34	193	2
34	194	3
34	200	2
34	206	4
34	208	4
34	209	1
34	211	1
34	215	4
34	220	1
34	230	1
35	39	1
35	48	1
35	53	1
35	55	10
35	62	9
35	63	3
35	66	10
35	70	12
35	71	2
35	74	1
35	76	2
35	77	1
35	80	1
35	81	3
35	85	18
35	87	2
35	92	1
35	93	2
35	111	2
35	116	1
35	121	1
35	127	1
35	133	2
35	135	3
35	140	5
35	145	2
35	147	6
35	155	5
35	163	3
35	166	1
35	172	1
35	173	1
35	178	4
35	181	3
35	183	3
35	187	1
35	191	1
35	192	2
35	193	1
35	194	4
35	200	1
35	208	16
35	209	2
35	211	6
35	215	2
35	219	9
35	220	3
35	222	3
35	223	1
35	226	1
36	44	1
36	45	5
36	67	8
36	71	1
36	72	2
36	96	1
36	97	1
36	102	3
36	109	5
36	145	1
36	146	3
36	154	12
36	155	2
36	157	12
36	165	1
36	168	5
36	177	2
36	178	2
36	179	3
36	206	1
37	39	1
37	42	1
37	43	3
37	45	4
37	46	7
37	50	31
37	51	31
37	54	2
37	55	14
37	56	1
37	59	2
37	61	4
37	62	5
37	63	6
37	66	9
37	67	1
37	68	3
37	70	4
37	71	2
37	72	4
37	73	2
37	74	2
37	75	3
37	76	2
37	77	5
37	78	3
37	79	5
37	82	2
37	83	2
37	87	1
37	90	21
37	96	6
37	97	1
37	98	2
37	99	5
37	102	20
37	103	8
37	104	1
37	107	14
37	108	2
37	110	4
37	111	3
37	113	2
37	114	3
37	116	2
37	117	1
37	118	1
37	120	1
37	122	6
37	123	3
37	127	3
37	129	2
37	133	5
37	135	3
37	136	1
37	137	1
37	138	16
37	139	3
37	143	3
37	145	6
37	146	2
37	147	34
37	148	6
37	150	12
37	155	1
37	156	4
37	157	1
37	160	3
37	161	1
37	162	3
37	163	1
37	169	1
37	171	2
37	173	1
37	174	3
37	177	1
37	178	2
37	180	1
37	181	7
37	182	5
37	184	3
37	185	1
37	186	1
37	188	6
37	190	3
37	191	2
37	192	2
37	197	4
37	198	3
37	200	12
37	204	1
37	205	6
37	208	1
37	210	3
37	213	4
37	216	2
37	218	3
37	224	2
37	226	1
37	227	3
37	228	1
37	229	1
38	39	2
38	46	3
38	47	3
38	55	4
38	56	1
38	57	4
38	60	10
38	63	3
38	65	7
38	66	9
38	67	2
38	70	10
38	73	2
38	74	4
38	76	1
38	86	1
38	88	4
38	99	1
38	102	1
38	114	2
38	116	1
38	120	2
38	127	2
38	128	1
38	133	2
38	137	3
38	138	1
38	149	1
38	163	6
38	165	4
38	167	1
38	182	1
38	188	2
38	194	2
38	200	1
38	211	2
38	213	1
38	220	1
39	47	4
39	48	2
39	49	1
39	55	5
39	56	1
39	58	8
39	59	4
39	62	2
39	63	3
39	65	1
39	66	6
39	69	1
39	70	12
39	71	4
39	73	3
39	74	2
39	75	5
39	76	2
39	78	1
39	92	1
39	98	1
39	102	4
39	105	1
39	107	2
39	111	1
39	112	1
39	117	1
39	118	1
39	119	2
39	120	1
39	122	3
39	125	6
39	126	2
39	127	1
39	130	1
39	132	5
39	133	2
39	135	3
39	137	5
39	141	1
39	143	1
39	144	5
39	145	1
39	146	2
39	147	11
39	149	3
39	151	2
39	155	4
39	156	2
39	161	1
39	162	6
39	163	10
39	165	5
39	167	3
39	171	1
39	172	2
39	173	4
39	177	2
39	178	2
39	180	3
39	181	2
39	182	4
39	186	1
39	187	3
39	188	1
39	189	7
39	190	2
39	191	1
39	199	2
39	200	2
39	202	2
39	206	2
39	208	3
39	209	1
39	210	2
39	211	5
39	215	2
39	217	2
39	218	1
39	219	1
39	222	3
39	223	1
39	224	1
40	46	2
40	49	1
40	52	1
40	55	3
40	61	4
40	62	7
40	63	4
40	66	2
40	70	1
40	75	1
40	77	1
40	79	1
40	81	4
40	82	15
40	85	5
40	96	2
40	102	3
40	105	3
40	111	3
40	112	4
40	116	1
40	118	6
40	121	2
40	123	6
40	127	1
40	128	11
40	132	5
40	133	1
40	135	2
40	136	1
40	144	2
40	145	3
40	149	1
40	151	2
40	155	1
40	156	1
40	160	3
40	162	2
40	166	9
40	175	1
40	178	2
40	183	3
40	186	2
40	188	1
40	191	1
40	192	1
40	197	3
40	204	3
40	208	3
40	216	1
40	221	1
40	226	1
41	42	2
41	52	4
41	53	1
41	54	4
41	60	1
41	67	1
41	72	3
41	84	5
41	86	4
41	87	2
41	89	1
41	90	9
41	95	2
41	111	1
41	122	9
41	126	4
41	134	1
41	136	7
41	138	1
41	141	10
41	143	6
41	145	2
41	156	2
41	157	1
41	167	3
41	171	1
41	173	1
41	174	10
41	175	6
41	180	2
41	181	5
41	184	1
41	185	1
41	190	3
41	195	1
41	202	1
41	211	2
41	213	1
41	215	1
41	216	4
41	217	1
41	223	1
41	228	3
42	52	2
42	53	4
42	54	2
42	55	3
42	58	1
42	62	1
42	69	1
42	78	1
42	90	3
42	92	1
42	94	4
42	122	2
42	123	1
42	143	2
42	145	1
42	147	2
42	160	2
42	166	1
42	167	3
42	174	1
42	180	1
42	181	1
42	185	1
42	189	7
42	190	3
42	192	1
42	200	2
42	201	7
42	203	1
42	205	4
42	206	2
42	210	1
42	215	4
42	216	3
42	224	4
42	228	2
42	229	1
43	44	3
43	45	2
43	54	1
43	55	9
43	61	1
43	62	4
43	63	1
43	64	2
43	68	3
43	70	2
43	74	2
43	77	5
43	80	2
43	83	2
43	84	2
43	89	6
43	90	4
43	91	22
43	93	4
43	97	3
43	102	4
43	114	2
43	116	6
43	117	2
43	127	1
43	133	1
43	135	3
43	136	1
43	138	5
43	142	1
43	143	3
43	145	1
43	146	4
43	155	2
43	156	1
43	165	2
43	168	4
43	169	3
43	170	2
43	175	6
43	180	1
43	181	9
43	188	3
43	190	30
43	191	2
43	192	2
43	194	4
43	196	1
43	215	4
43	216	6
43	221	1
44	45	25
44	53	1
44	55	6
44	64	1
44	66	1
44	71	1
44	72	2
44	89	3
44	94	6
44	96	4
44	97	1
44	102	3
44	136	1
44	142	1
44	145	1
44	146	3
44	147	3
44	156	1
44	159	1
44	165	1
44	170	4
44	177	2
44	179	2
44	180	1
44	190	6
44	196	1
44	216	1
44	228	6
45	46	3
45	48	3
45	50	1
45	52	4
45	53	6
45	55	20
45	56	2
45	58	1
45	61	3
45	62	9
45	63	5
45	64	1
45	66	2
45	68	1
45	70	4
45	71	12
45	72	10
45	75	1
45	78	1
45	79	4
45	83	8
45	84	4
45	87	1
45	89	3
45	90	35
45	96	10
45	97	5
45	98	4
45	101	6
45	102	7
45	103	1
45	104	1
45	105	1
45	107	5
45	110	2
45	111	4
45	115	4
45	118	6
45	121	3
45	122	6
45	123	2
45	127	1
45	128	4
45	129	1
45	133	8
45	135	4
45	137	6
45	138	2
45	139	2
45	142	6
45	145	38
45	146	7
45	147	4
45	148	12
45	149	1
45	153	1
45	159	1
45	161	1
45	162	1
45	163	2
45	165	5
45	167	2
45	169	4
45	170	8
45	176	1
45	177	10
45	179	14
45	180	2
45	181	7
45	184	3
45	185	6
45	188	7
45	190	10
45	192	3
45	194	1
45	196	6
45	197	1
45	200	8
45	206	6
45	209	5
45	210	3
45	211	1
45	213	7
45	216	25
45	217	1
45	218	3
45	226	4
45	227	2
45	230	4
46	50	3
46	55	2
46	62	2
46	63	6
46	66	3
46	68	1
46	70	1
46	77	1
46	78	3
46	90	12
46	102	3
46	106	2
46	107	1
46	110	6
46	111	4
46	118	2
46	121	2
46	123	3
46	126	1
46	127	1
46	131	1
46	132	1
46	133	3
46	138	3
46	140	2
46	151	2
46	159	1
46	165	12
46	166	2
46	171	1
46	181	2
46	183	2
46	184	3
46	186	1
46	188	3
46	192	2
46	196	1
46	200	6
46	210	2
46	213	3
47	48	1
47	53	1
47	55	3
47	56	1
47	57	2
47	59	2
47	62	1
47	63	1
47	65	2
47	66	9
47	70	5
47	72	2
47	73	1
47	74	3
47	75	2
47	88	2
47	99	1
47	100	1
47	101	1
47	110	1
47	112	2
47	114	5
47	117	1
47	122	2
47	127	1
47	133	1
47	135	3
47	136	2
47	137	3
47	144	3
47	147	7
47	156	1
47	163	4
47	165	1
47	167	3
47	169	1
47	170	1
47	172	1
47	178	2
47	180	1
47	181	1
47	182	1
47	183	1
47	185	1
47	187	1
47	190	2
47	206	2
47	208	1
47	210	1
47	211	7
47	213	1
47	215	1
47	216	1
47	217	1
47	219	1
47	222	1
47	226	1
48	49	2
48	54	3
48	55	16
48	56	2
48	57	1
48	59	2
48	61	2
48	62	8
48	63	8
48	65	1
48	66	2
48	67	5
48	68	1
48	70	8
48	73	2
48	74	1
48	75	1
48	88	1
48	90	2
48	92	1
48	93	2
48	97	1
48	98	1
48	99	1
48	115	1
48	120	1
48	121	1
48	123	4
48	126	1
48	130	2
48	131	3
48	132	3
48	133	2
48	138	1
48	143	1
48	145	2
48	147	3
48	152	4
48	153	1
48	155	2
48	158	2
48	160	3
48	163	5
48	165	2
48	166	2
48	168	1
48	169	1
48	171	1
48	172	2
48	181	9
48	187	1
48	188	2
48	192	2
48	194	1
48	198	1
48	203	2
48	206	1
48	208	8
48	209	1
48	211	1
48	215	1
48	218	1
48	219	1
48	220	2
48	221	2
48	226	1
48	227	2
48	230	2
49	55	6
49	58	5
49	61	1
49	62	6
49	63	1
49	66	7
49	68	1
49	70	4
49	71	1
49	73	1
49	74	2
49	75	3
49	77	3
49	78	1
49	79	1
49	91	2
49	93	1
49	96	1
49	100	1
49	101	12
49	110	1
49	111	3
49	116	1
49	119	3
49	120	1
49	121	1
49	125	2
49	127	2
49	130	1
49	133	2
49	134	1
49	135	3
49	138	2
49	145	3
49	147	6
49	149	1
49	150	2
49	158	1
49	160	3
49	161	1
49	163	5
49	166	3
49	167	1
49	169	1
49	171	1
49	174	1
49	180	2
49	181	6
49	183	2
49	184	1
49	187	1
49	188	1
49	189	5
49	190	4
49	191	3
49	193	2
49	194	1
49	199	4
49	200	1
49	203	2
49	208	3
49	211	1
49	213	1
49	218	1
49	219	2
49	220	2
49	221	3
49	223	2
50	51	29
50	55	4
50	59	2
50	62	2
50	63	2
50	66	5
50	75	1
50	78	1
50	79	3
50	82	4
50	90	7
50	96	8
50	99	2
50	102	5
50	107	4
50	110	2
50	111	1
50	114	4
50	116	2
50	123	1
50	127	1
50	133	1
50	139	1
50	147	9
50	150	8
50	160	1
50	161	1
50	162	4
50	174	3
50	181	2
50	184	2
50	188	1
50	200	3
50	226	1
51	55	4
51	62	3
51	66	3
51	75	1
51	82	3
51	96	4
51	99	1
51	102	1
51	104	1
51	107	1
51	111	1
51	114	2
51	116	1
51	127	1
51	147	19
51	150	5
51	157	1
51	162	2
51	173	1
51	178	1
51	181	2
51	197	2
51	226	1
52	54	1
52	55	35
52	60	1
52	62	3
52	63	5
52	64	3
52	66	2
52	67	1
52	70	1
52	71	26
52	72	6
52	73	2
52	76	8
52	77	1
52	78	2
52	79	2
52	81	6
52	82	3
52	83	3
52	84	8
52	86	1
52	89	2
52	90	9
52	92	1
52	94	1
52	102	8
52	103	26
52	104	2
52	107	3
52	108	10
52	110	2
52	111	5
52	113	2
52	115	1
52	118	12
52	119	4
52	122	58
52	123	1
52	124	9
52	125	1
52	127	1
52	128	1
52	129	1
52	130	6
52	132	1
52	134	1
52	135	1
52	136	4
52	138	27
52	141	7
52	142	7
52	143	3
52	145	2
52	151	1
52	154	2
52	156	1
52	158	10
52	159	1
52	160	4
52	161	1
52	162	5
52	164	2
52	165	31
52	167	9
52	168	5
52	169	1
52	170	4
52	171	2
52	174	13
52	175	5
52	176	5
52	179	5
52	183	1
52	186	40
52	188	1
52	190	1
52	192	13
52	194	2
52	195	4
52	196	36
52	198	1
52	200	3
52	210	6
52	211	3
52	212	54
52	213	6
52	215	9
52	216	6
52	219	1
52	222	2
52	228	4
52	229	1
52	230	1
53	54	2
53	55	1
53	66	1
53	70	2
53	72	4
53	74	1
53	76	2
53	87	1
53	90	3
53	91	4
53	94	1
53	99	1
53	102	1
53	103	1
53	109	4
53	119	1
53	122	1
53	126	1
53	136	1
53	142	1
53	143	1
53	149	1
53	156	3
53	158	3
53	163	1
53	170	3
53	171	1
53	172	1
53	173	2
53	174	2
53	179	2
53	185	2
53	190	2
53	194	1
53	195	2
53	204	1
53	206	3
53	211	3
53	212	1
53	215	8
53	216	1
53	217	1
53	223	1
53	224	1
54	55	34
54	57	1
54	62	9
54	63	14
54	65	1
54	66	2
54	67	3
54	69	1
54	70	8
54	71	8
54	72	4
54	73	4
54	76	3
54	77	4
54	79	3
54	81	1
54	82	4
54	84	1
54	86	3
54	87	2
54	89	2
54	90	9
54	92	6
54	93	7
54	96	4
54	99	1
54	102	3
54	103	3
54	107	3
54	110	1
54	111	2
54	113	2
54	114	1
54	116	1
54	117	1
54	118	1
54	119	2
54	120	1
54	123	4
54	127	13
54	128	1
54	132	13
54	133	6
54	137	3
54	138	21
54	139	5
54	141	1
54	142	2
54	143	1
54	145	3
54	146	8
54	147	2
54	149	1
54	152	7
54	153	1
54	156	1
54	157	3
54	158	4
54	159	1
54	160	4
54	161	1
54	162	3
54	163	2
54	165	4
54	166	5
54	167	1
54	168	2
54	171	1
54	173	2
54	174	1
54	177	2
54	180	9
54	181	14
54	182	2
54	184	2
54	185	1
54	186	5
54	188	3
54	189	3
54	190	5
54	191	1
54	192	2
54	198	6
54	199	1
54	200	2
54	202	3
54	206	2
54	208	4
54	209	1
54	210	4
54	215	3
54	216	2
54	217	1
54	221	2
54	222	5
54	223	1
54	224	1
54	225	16
54	227	1
54	229	1
54	230	1
55	56	17
55	57	7
55	58	2
55	59	4
55	60	1
55	61	14
55	62	38
55	63	63
55	64	1
55	65	5
55	66	20
55	67	21
55	68	4
55	69	7
55	70	76
55	71	21
55	72	4
55	73	23
55	74	5
55	75	4
55	76	7
55	77	8
55	78	6
55	79	2
55	80	6
55	81	3
55	82	1
55	83	4
55	84	3
55	85	6
55	87	2
55	88	6
55	89	12
55	90	24
55	91	3
55	92	18
55	93	44
55	94	4
55	96	13
55	97	1
55	98	3
55	99	4
55	101	10
55	102	34
55	103	1
55	104	8
55	106	9
55	107	11
55	108	14
55	110	4
55	111	20
55	112	5
55	113	6
55	114	8
55	115	1
55	116	12
55	118	1
55	119	6
55	120	5
55	121	7
55	122	22
55	123	17
55	124	2
55	125	3
55	126	6
55	127	17
55	128	13
55	129	5
55	130	5
55	131	15
55	132	31
55	133	17
55	135	9
55	136	1
55	137	7
55	138	46
55	139	16
55	140	7
55	141	10
55	142	6
55	143	12
55	145	19
55	147	20
55	148	19
55	150	3
55	151	1
55	152	32
55	153	2
55	154	1
55	155	1
55	156	1
55	157	7
55	158	9
55	159	2
55	160	32
55	161	5
55	162	8
55	163	19
55	164	2
55	165	20
55	166	7
55	167	5
55	168	10
55	169	1
55	171	14
55	172	1
55	173	8
55	174	4
55	175	3
55	176	11
55	177	7
55	178	17
55	179	8
55	180	3
55	181	92
55	182	4
55	183	4
55	184	21
55	186	12
55	187	2
55	188	20
55	189	17
55	190	5
55	191	3
55	192	10
55	193	8
55	194	7
55	195	2
55	196	1
55	197	18
55	198	20
55	199	5
55	200	29
55	201	8
55	202	4
55	203	12
55	204	3
55	205	4
55	206	10
55	208	22
55	209	9
55	210	8
55	211	5
55	212	5
55	213	5
55	215	8
55	216	2
55	217	1
55	218	11
55	219	4
55	220	2
55	221	9
55	222	20
55	223	8
55	224	8
55	225	23
55	227	11
55	228	3
55	229	5
55	230	10
56	61	1
56	62	1
56	63	5
56	65	1
56	66	2
56	67	1
56	70	1
56	75	1
56	76	1
56	77	1
56	79	1
56	80	1
56	81	1
56	88	4
56	90	4
56	92	1
56	94	1
56	102	5
56	103	2
56	107	1
56	111	6
56	116	1
56	118	1
56	119	1
56	123	3
56	128	1
56	133	1
56	139	2
56	141	1
56	143	1
56	145	3
56	147	2
56	152	1
56	155	1
56	158	1
56	160	2
56	163	1
56	164	6
56	172	1
56	174	1
56	177	1
56	181	2
56	184	5
56	188	2
56	192	2
56	198	1
56	199	1
56	200	3
56	204	1
56	206	1
56	208	2
56	211	1
56	218	1
56	219	1
56	221	1
56	223	2
57	63	2
57	64	2
57	65	4
57	66	6
57	67	1
57	70	7
57	71	3
57	73	2
57	74	5
57	76	1
57	83	2
57	89	8
57	92	2
57	93	1
57	100	2
57	102	12
57	104	4
57	115	1
57	129	1
57	132	3
57	138	1
57	147	2
57	152	1
57	161	3
57	163	2
57	171	3
57	181	1
57	185	2
57	186	8
57	202	4
57	208	3
57	211	2
57	215	9
57	223	2
58	62	5
58	63	2
58	65	1
58	66	23
58	67	2
58	69	2
58	70	29
58	71	3
58	73	3
58	74	3
58	75	4
58	76	8
58	77	3
58	79	3
58	80	4
58	88	4
58	90	3
58	92	1
58	101	12
58	114	7
58	116	4
58	119	6
58	122	2
58	123	4
58	125	7
58	130	3
58	133	2
58	135	5
58	138	1
58	142	3
58	147	7
58	148	4
58	149	1
58	151	2
58	162	2
58	163	6
58	165	1
58	168	2
58	171	3
58	172	1
58	173	2
58	177	3
58	180	7
58	181	18
58	187	7
58	188	3
58	189	116
58	190	2
58	196	6
58	199	9
58	200	1
58	201	6
58	204	2
58	208	2
58	211	1
58	217	1
58	220	1
58	223	1
59	62	4
59	70	9
59	75	2
59	89	4
59	90	8
59	111	2
59	112	2
59	116	5
59	119	7
59	126	9
59	127	2
59	128	2
59	132	8
59	133	2
59	135	2
59	138	7
59	141	56
59	168	2
59	178	2
59	183	7
59	200	5
59	202	7
59	220	2
60	66	4
60	67	1
60	70	8
60	76	6
60	84	1
60	86	6
60	99	6
60	114	1
60	120	1
60	127	1
60	137	2
60	149	2
60	163	2
60	175	1
60	194	1
60	213	1
60	220	2
61	62	14
61	63	9
61	66	5
61	68	6
61	69	1
61	70	3
61	73	1
61	76	1
61	77	2
61	78	9
61	79	1
61	82	6
61	83	2
61	84	1
61	86	1
61	88	2
61	90	11
61	96	1
61	97	1
61	98	2
61	102	12
61	103	4
61	104	1
61	105	5
61	107	9
61	110	4
61	111	5
61	112	4
61	118	2
61	119	1
61	121	3
61	122	5
61	123	4
61	127	1
61	128	11
61	130	2
61	131	9
61	133	6
61	136	1
61	138	5
61	139	1
61	143	1
61	145	10
61	147	2
61	148	4
61	150	5
61	152	1
61	153	2
61	154	1
61	156	1
61	158	1
61	160	7
61	161	2
61	163	2
61	164	2
61	168	1
61	169	3
61	176	2
61	178	1
61	179	1
61	180	1
61	181	8
61	182	1
61	183	1
61	184	1
61	188	11
61	191	2
61	192	3
61	193	1
61	197	1
61	198	1
61	199	2
61	200	11
61	204	1
61	206	2
61	208	1
61	209	1
61	210	2
61	212	2
61	213	2
61	218	1
61	227	2
61	228	1
61	230	3
62	63	26
62	65	1
62	66	18
62	67	5
62	68	5
62	70	15
62	71	1
62	73	2
62	74	4
62	75	10
62	76	1
62	77	13
62	78	6
62	79	4
62	80	4
62	81	8
62	82	3
62	83	4
62	85	5
62	88	3
62	89	4
62	90	20
62	92	7
62	93	8
62	96	4
62	97	4
62	98	4
62	99	2
62	101	6
62	102	20
62	103	7
62	104	2
62	105	7
62	106	2
62	107	19
62	110	4
62	111	28
62	112	5
62	113	1
62	114	1
62	115	1
62	116	5
62	117	2
62	118	9
62	119	3
62	120	1
62	121	9
62	122	8
62	123	14
62	126	1
62	127	13
62	128	20
62	130	1
62	132	1
62	133	36
62	135	4
62	137	1
62	138	5
62	139	3
62	142	1
62	143	1
62	144	2
62	145	27
62	146	2
62	147	21
62	149	1
62	150	12
62	151	3
62	152	1
62	153	8
62	155	8
62	157	1
62	159	1
62	160	13
62	161	3
62	162	7
62	163	12
62	164	1
62	165	2
62	166	4
62	167	3
62	168	6
62	169	4
62	172	1
62	173	3
62	175	1
62	176	1
62	177	1
62	178	6
62	180	3
62	181	24
62	183	15
62	184	9
62	186	2
62	188	10
62	189	23
62	190	1
62	191	5
62	192	11
62	193	8
62	194	2
62	195	3
62	197	5
62	198	2
62	199	6
62	200	12
62	201	6
62	202	5
62	203	2
62	204	2
62	205	1
62	206	4
62	208	22
62	209	9
62	210	5
62	211	1
62	212	5
62	213	2
62	214	10
62	215	1
62	218	5
62	219	3
62	220	5
62	221	7
62	222	13
62	226	8
62	227	3
62	228	3
62	229	4
62	230	4
63	66	6
63	67	9
63	68	3
63	70	10
63	71	2
63	73	2
63	75	1
63	76	2
63	77	3
63	78	6
63	79	5
63	80	1
63	81	2
63	82	6
63	83	4
63	88	1
63	89	1
63	90	13
63	93	3
63	96	3
63	97	1
63	98	1
63	101	1
63	102	12
63	103	1
63	105	1
63	107	8
63	110	2
63	111	3
63	114	2
63	115	1
63	116	1
63	118	2
63	120	2
63	121	9
63	123	10
63	127	4
63	128	1
63	129	2
63	130	1
63	132	9
63	133	17
63	135	2
63	137	3
63	138	13
63	139	13
63	141	2
63	142	2
63	143	2
63	144	2
63	145	23
63	147	11
63	150	1
63	152	4
63	153	1
63	155	1
63	158	2
63	160	5
63	161	1
63	163	14
63	165	15
63	166	2
63	167	1
63	168	2
63	171	2
63	173	2
63	176	1
63	177	2
63	178	2
63	179	1
63	180	1
63	181	17
63	182	1
63	183	3
63	184	4
63	186	4
63	187	1
63	188	8
63	189	2
63	192	4
63	193	1
63	194	3
63	197	6
63	198	1
63	200	14
63	202	5
63	203	2
63	204	2
63	205	1
63	206	5
63	208	6
63	209	4
63	210	1
63	211	1
63	212	3
63	213	2
63	215	1
63	218	2
63	219	1
63	221	4
63	222	1
63	223	1
63	225	2
63	226	3
63	229	3
63	230	2
64	71	1
64	89	3
64	92	1
64	93	1
64	94	1
64	102	6
64	104	2
64	122	16
64	146	2
64	151	6
64	170	1
64	172	1
64	186	4
64	190	4
64	216	1
65	66	14
65	67	3
65	69	1
65	70	24
65	73	2
65	74	8
65	75	4
65	77	1
65	88	4
65	90	1
65	92	5
65	93	1
65	99	4
65	102	10
65	103	3
65	104	3
65	106	3
65	107	2
65	108	3
65	114	3
65	115	3
65	121	1
65	122	3
65	123	1
65	124	18
65	126	5
65	128	1
65	133	4
65	135	1
65	138	2
65	140	1
65	146	2
65	147	8
65	152	1
65	156	1
65	158	1
65	163	6
65	166	2
65	167	2
65	181	3
65	186	2
65	187	1
65	188	2
65	189	1
65	190	2
65	191	1
65	198	2
65	202	3
65	210	3
65	211	4
65	215	9
65	217	1
65	225	1
66	67	2
66	68	2
66	69	8
66	70	88
66	71	3
66	72	5
66	73	3
66	74	24
66	75	15
66	76	6
66	77	1
66	78	2
66	79	1
66	80	2
66	84	1
66	88	7
66	89	1
66	90	1
66	92	4
66	93	5
66	96	2
66	97	1
66	98	1
66	99	7
66	101	9
66	102	4
66	103	1
66	104	1
66	106	4
66	110	2
66	111	6
66	112	6
66	114	14
66	115	4
66	116	6
66	117	2
66	118	1
66	120	2
66	121	3
66	122	32
66	124	5
66	125	3
66	126	4
66	127	1
66	128	2
66	129	1
66	132	1
66	133	7
66	135	4
66	137	4
66	138	2
66	139	1
66	140	3
66	141	2
66	142	1
66	144	7
66	145	6
66	147	32
66	149	6
66	150	3
66	151	3
66	155	8
66	156	4
66	157	1
66	159	1
66	160	1
66	162	10
66	163	38
66	165	5
66	167	6
66	169	2
66	171	2
66	172	2
66	173	4
66	177	2
66	178	7
66	180	4
66	181	14
66	182	1
66	183	1
66	184	2
66	185	1
66	186	3
66	187	3
66	188	1
66	189	16
66	190	8
66	191	4
66	192	4
66	193	1
66	194	6
66	198	1
66	199	2
66	200	8
66	202	2
66	204	2
66	206	7
66	208	10
66	209	3
66	210	4
66	211	14
66	213	1
66	215	9
66	216	3
66	217	1
66	218	1
66	219	4
66	220	4
66	222	3
66	223	1
66	228	1
67	70	3
67	71	1
67	72	3
67	73	5
67	74	4
67	78	1
67	89	1
67	90	11
67	92	4
67	96	1
67	99	1
67	101	6
67	108	1
67	110	3
67	114	1
67	116	2
67	118	1
67	119	1
67	120	1
67	122	1
67	123	8
67	124	8
67	125	1
67	126	3
67	127	3
67	130	1
67	132	1
67	133	4
67	135	2
67	138	2
67	141	2
67	143	1
67	145	2
67	147	3
67	148	4
67	152	3
67	155	3
67	157	7
67	158	4
67	159	1
67	160	3
67	161	3
67	162	1
67	163	26
67	165	1
67	167	2
67	173	1
67	174	1
67	177	2
67	181	8
67	182	1
67	184	4
67	186	1
67	188	1
67	189	13
67	191	1
67	194	1
67	198	1
67	204	2
67	206	1
67	208	2
67	210	3
67	211	6
67	215	4
67	216	1
67	221	1
67	223	1
67	224	1
67	225	7
67	228	1
67	229	1
68	70	1
68	73	1
68	74	2
68	75	1
68	77	5
68	78	3
68	83	2
68	88	2
68	90	3
68	97	1
68	104	1
68	105	3
68	107	1
68	111	1
68	112	4
68	117	1
68	121	1
68	127	3
68	133	1
68	135	2
68	145	3
68	147	1
68	155	1
68	163	1
68	169	2
68	178	1
68	180	1
68	183	4
68	192	1
68	193	1
68	194	1
68	200	2
68	206	2
68	209	1
68	212	1
68	218	1
68	219	1
68	220	1
68	221	6
68	222	3
69	70	11
69	77	1
69	79	1
69	82	1
69	99	1
69	120	1
69	122	6
69	125	3
69	132	2
69	135	1
69	145	1
69	147	6
69	151	2
69	163	1
69	174	1
69	181	3
69	185	1
69	188	2
69	189	5
69	190	3
69	193	1
69	199	1
69	200	1
69	208	1
69	211	1
69	215	1
69	216	2
70	71	11
70	72	7
70	73	6
70	74	22
70	75	21
70	76	13
70	77	3
70	79	1
70	81	1
70	83	3
70	84	1
70	85	12
70	86	1
70	87	2
70	88	2
70	89	3
70	90	4
70	91	7
70	92	6
70	93	12
70	96	2
70	98	2
70	99	10
70	101	5
70	102	5
70	103	1
70	106	2
70	107	1
70	109	8
70	111	5
70	113	2
70	114	22
70	115	9
70	116	4
70	117	3
70	118	1
70	119	11
70	120	4
70	121	2
70	122	37
70	123	6
70	124	3
70	125	3
70	126	5
70	127	5
70	128	6
70	129	1
70	130	3
70	131	3
70	132	10
70	133	9
70	135	4
70	138	8
70	140	2
70	141	1
70	142	6
70	144	2
70	145	2
70	146	2
70	147	30
70	148	1
70	149	6
70	152	5
70	155	4
70	156	6
70	158	3
70	159	5
70	162	9
70	163	16
70	165	50
70	166	2
70	167	5
70	168	3
70	171	12
70	172	1
70	173	3
70	174	1
70	176	3
70	177	1
70	178	2
70	179	1
70	180	4
70	181	20
70	182	3
70	183	1
70	184	1
70	185	3
70	186	6
70	187	6
70	188	9
70	189	28
70	190	12
70	191	2
70	192	4
70	193	2
70	194	13
70	199	4
70	200	10
70	201	2
70	202	9
70	203	4
70	204	4
70	206	4
70	208	17
70	209	3
70	210	6
70	211	19
70	214	8
70	215	15
70	216	4
70	217	3
70	218	2
70	219	7
70	220	2
70	221	1
70	222	6
70	223	7
70	224	1
70	225	4
70	227	4
70	228	1
70	229	1
70	230	3
71	72	9
71	73	3
71	75	1
71	76	7
71	87	1
71	89	3
71	90	4
71	92	3
71	94	4
71	95	2
71	96	3
71	97	3
71	99	1
71	101	2
71	102	6
71	104	2
71	106	2
71	111	1
71	118	2
71	119	3
71	122	8
71	124	10
71	125	1
71	126	4
71	127	1
71	130	1
71	131	4
71	137	4
71	138	1
71	140	2
71	141	2
71	143	1
71	145	2
71	146	1
71	147	1
71	155	1
71	156	1
71	160	1
71	163	4
71	165	5
71	167	9
71	168	1
71	170	4
71	171	1
71	172	1
71	174	9
71	176	3
71	177	4
71	178	4
71	179	3
71	181	13
71	183	1
71	184	6
71	185	1
71	186	24
71	188	1
71	189	2
71	190	5
71	192	3
71	194	2
71	196	6
71	197	1
71	198	1
71	200	3
71	206	3
71	208	2
71	210	5
71	211	3
71	212	2
71	215	3
71	216	10
71	217	2
71	224	7
71	225	2
71	230	1
72	76	9
72	84	2
72	86	1
72	87	4
72	89	1
72	92	3
72	93	1
72	94	3
72	96	6
72	97	3
72	100	3
72	101	4
72	111	2
72	115	2
72	117	4
72	118	1
72	119	2
72	122	28
72	132	5
72	134	1
72	136	3
72	137	4
72	138	6
72	140	7
72	142	2
72	143	1
72	145	4
72	146	16
72	147	19
72	149	4
72	156	9
72	157	2
72	162	2
72	164	2
72	165	12
72	167	1
72	168	1
72	170	5
72	171	4
72	172	1
72	173	4
72	174	10
72	177	6
72	178	3
72	181	5
72	182	2
72	183	2
72	184	1
72	185	8
72	186	25
72	190	22
72	192	2
72	194	3
72	200	2
72	204	1
72	206	10
72	207	15
72	211	18
72	215	5
72	216	24
72	217	8
72	219	1
72	223	7
72	230	2
73	74	3
73	75	1
73	77	1
73	79	1
73	81	1
73	88	1
73	89	8
73	92	5
73	93	2
73	94	1
73	95	7
73	96	2
73	102	2
73	103	5
73	107	1
73	110	4
73	111	2
73	114	2
73	116	4
73	119	1
73	125	2
73	130	2
73	132	6
73	133	3
73	134	1
73	135	2
73	138	6
73	142	1
73	143	2
73	145	2
73	147	4
73	152	8
73	158	7
73	159	1
73	160	4
73	161	1
73	163	2
73	167	3
73	172	1
73	173	2
73	176	1
73	177	3
73	181	27
73	183	1
73	184	3
73	188	1
73	189	1
73	192	1
73	193	1
73	194	1
73	199	1
73	204	2
73	209	1
73	210	5
73	211	1
73	213	2
73	219	1
73	220	1
73	223	2
73	224	1
73	225	9
73	229	1
74	75	9
74	76	1
74	77	2
74	89	1
74	92	1
74	99	2
74	101	1
74	110	1
74	111	3
74	114	1
74	115	1
74	117	4
74	122	1
74	123	2
74	124	1
74	125	1
74	126	1
74	128	1
74	130	1
74	133	1
74	135	3
74	147	6
74	149	1
74	152	1
74	155	1
74	158	1
74	161	3
74	162	7
74	163	12
74	165	2
74	167	1
74	168	1
74	169	1
74	173	1
74	180	1
74	181	5
74	183	1
74	186	1
74	187	2
74	188	1
74	189	8
74	192	1
74	193	2
74	194	4
74	199	1
74	200	2
74	202	4
74	204	1
74	208	2
74	210	1
74	211	4
74	215	4
74	219	1
74	220	2
74	222	1
74	223	2
74	228	1
74	229	1
75	78	1
75	85	5
75	87	1
75	90	1
75	92	1
75	99	4
75	101	1
75	102	2
75	103	1
75	106	1
75	107	1
75	111	4
75	114	6
75	115	1
75	116	1
75	117	1
75	119	2
75	120	1
75	122	1
75	125	1
75	127	1
75	130	1
75	132	4
75	133	2
75	135	3
75	137	1
75	142	1
75	145	2
75	147	6
75	155	5
75	156	1
75	160	1
75	162	4
75	163	9
75	165	2
75	167	2
75	171	2
75	172	1
75	173	1
75	175	1
75	181	4
75	182	1
75	183	1
75	184	2
75	185	1
75	187	2
75	188	2
75	189	4
75	193	5
75	194	2
75	199	1
75	200	4
75	202	2
75	204	1
75	208	4
75	210	1
75	211	1
75	214	4
75	215	2
75	219	3
75	220	2
75	221	1
75	223	1
75	224	1
75	226	2
76	77	1
76	79	1
76	80	3
76	86	1
76	93	1
76	96	1
76	99	1
76	101	1
76	102	2
76	103	3
76	104	1
76	106	3
76	107	1
76	111	2
76	116	1
76	117	2
76	118	1
76	119	1
76	122	7
76	123	1
76	125	1
76	126	2
76	132	3
76	135	1
76	138	5
76	148	2
76	149	2
76	158	2
76	159	2
76	161	1
76	163	4
76	165	2
76	173	1
76	174	1
76	178	2
76	181	1
76	183	1
76	184	3
76	185	2
76	186	12
76	187	1
76	189	10
76	190	14
76	193	1
76	200	1
76	206	2
76	207	15
76	208	2
76	211	7
76	212	4
76	215	2
76	216	4
76	217	2
76	226	1
77	78	1
77	79	1
77	80	1
77	81	1
77	83	2
77	96	1
77	97	2
77	99	1
77	101	1
77	102	3
77	103	2
77	107	5
77	111	3
77	113	2
77	114	2
77	116	2
77	117	1
77	118	4
77	121	1
77	122	1
77	123	3
77	127	4
77	128	3
77	133	6
77	135	4
77	137	3
77	138	1
77	142	1
77	145	12
77	147	5
77	151	1
77	155	1
77	158	1
77	160	1
77	161	2
77	163	3
77	167	2
77	168	3
77	169	2
77	173	2
77	180	2
77	181	1
77	183	3
77	184	1
77	186	5
77	188	2
77	189	7
77	191	1
77	192	5
77	193	1
77	197	2
77	200	1
77	203	2
77	204	1
77	206	1
77	208	1
77	209	1
77	211	2
77	214	2
77	218	1
77	219	1
77	221	2
77	222	1
77	226	1
77	229	1
77	230	2
78	79	5
78	83	2
78	88	1
78	90	16
78	98	2
78	101	1
78	102	15
78	104	2
78	105	4
78	107	7
78	110	4
78	111	2
78	120	1
78	122	7
78	123	1
78	124	6
78	133	4
78	135	1
78	139	1
78	141	1
78	143	2
78	145	4
78	146	4
78	153	2
78	155	7
78	158	2
78	159	1
78	160	1
78	162	1
78	163	1
78	165	4
78	169	5
78	173	1
78	183	1
78	184	2
78	188	3
78	192	2
78	200	11
78	203	2
78	208	4
78	212	4
78	218	1
78	226	1
78	227	2
78	230	2
79	80	1
79	82	2
79	88	2
79	90	16
79	98	1
79	99	1
79	102	20
79	104	1
79	105	6
79	107	14
79	111	1
79	113	2
79	114	1
79	116	3
79	118	6
79	123	5
79	127	2
79	132	5
79	133	4
79	135	6
79	138	1
79	141	1
79	142	1
79	143	1
79	145	3
79	146	4
79	147	1
79	148	4
79	153	2
79	160	2
79	161	4
79	163	2
79	165	4
79	166	9
79	174	3
79	177	1
79	181	5
79	182	1
79	183	1
79	184	4
79	187	1
79	189	1
79	192	1
79	194	2
79	199	1
79	200	3
79	209	1
79	210	1
79	211	1
79	219	1
79	226	2
79	227	2
79	230	1
80	90	4
80	97	1
80	111	1
80	118	1
80	123	1
80	128	3
80	138	2
80	140	6
80	141	2
80	148	1
80	168	4
80	169	1
80	173	1
80	179	1
80	181	1
80	184	1
80	189	5
80	191	1
80	209	3
80	210	4
80	213	1
80	215	1
80	218	3
81	82	1
81	84	1
81	89	2
81	90	2
81	92	3
81	93	6
81	97	1
81	99	1
81	102	13
81	103	1
81	104	3
81	107	7
81	108	3
81	111	8
81	112	16
81	113	3
81	115	1
81	118	1
81	119	1
81	121	3
81	122	2
81	123	4
81	127	3
81	128	1
81	132	1
81	133	1
81	138	5
81	143	2
81	148	1
81	152	1
81	155	1
81	159	1
81	160	4
81	166	4
81	173	1
81	174	1
81	175	9
81	178	8
81	181	2
81	183	9
81	184	1
81	188	1
81	192	1
81	199	1
81	200	1
81	202	3
81	204	3
81	206	2
81	208	18
81	225	2
81	228	1
82	90	2
82	103	6
82	107	4
82	118	6
82	123	8
82	128	5
82	135	1
82	136	1
82	141	8
82	143	1
82	145	1
82	147	1
82	150	1
82	164	2
82	166	5
82	173	1
82	188	5
82	197	5
82	204	5
82	210	3
83	89	12
83	96	1
83	97	2
83	98	1
83	114	1
83	115	2
83	120	3
83	124	3
83	128	3
83	132	4
83	137	1
83	138	2
83	141	1
83	145	4
83	146	1
83	147	9
83	159	2
83	162	7
83	169	3
83	171	1
83	180	4
83	183	2
83	184	1
83	187	1
83	188	2
83	190	2
83	192	1
83	193	4
83	194	2
83	200	5
83	206	2
83	215	1
83	227	1
83	230	1
84	86	1
84	90	8
84	93	1
84	102	3
84	103	1
84	107	1
84	110	2
84	111	1
84	118	1
84	122	15
84	129	1
84	131	2
84	132	2
84	136	1
84	138	10
84	141	1
84	142	4
84	145	4
84	148	1
84	157	1
84	162	1
84	165	1
84	168	3
84	175	4
84	181	8
84	184	1
84	190	1
84	195	1
84	200	1
84	202	1
84	210	2
84	211	1
84	213	1
84	215	1
84	216	3
85	111	5
85	147	12
85	155	11
85	160	5
85	175	5
85	219	12
85	222	6
85	226	5
86	87	1
86	90	1
86	99	2
86	102	1
86	103	2
86	110	1
86	122	14
86	123	1
86	126	1
86	134	1
86	138	17
86	141	2
86	154	1
86	156	1
86	159	2
86	164	2
86	167	1
86	171	1
86	174	5
86	175	3
86	181	3
86	182	1
86	198	1
86	200	2
86	208	1
86	210	1
86	213	1
86	223	1
86	224	1
87	89	2
87	90	4
87	94	1
87	99	1
87	101	1
87	122	3
87	124	2
87	129	1
87	135	1
87	136	1
87	138	2
87	141	1
87	143	3
87	146	5
87	147	1
87	156	2
87	170	3
87	171	1
87	173	1
87	174	6
87	176	2
87	179	3
87	181	1
87	185	2
87	190	4
87	194	2
87	195	2
87	198	1
87	200	2
87	204	5
87	206	6
87	208	3
87	211	2
87	213	1
87	215	8
87	216	7
87	217	2
87	223	1
87	224	1
88	90	3
88	112	8
88	114	1
88	117	2
88	121	2
88	127	3
88	128	5
88	133	6
88	135	4
88	141	2
88	142	2
88	145	1
88	147	2
88	163	1
88	167	2
88	168	1
88	177	1
88	178	2
88	180	3
88	181	3
88	183	3
88	187	2
88	189	24
88	197	1
88	199	1
88	200	2
88	206	2
88	209	2
88	210	2
88	218	2
88	222	7
88	226	2
89	90	5
89	92	3
89	93	1
89	94	1
89	96	1
89	99	2
89	100	1
89	102	3
89	103	2
89	104	1
89	105	2
89	106	2
89	107	3
89	111	4
89	114	1
89	115	2
89	116	2
89	122	2
89	128	2
89	132	25
89	136	10
89	137	1
89	138	10
89	141	1
89	142	1
89	143	3
89	146	16
89	147	1
89	149	1
89	152	5
89	153	1
89	156	1
89	158	2
89	163	2
89	168	1
89	170	3
89	171	1
89	173	2
89	176	2
89	177	1
89	179	2
89	181	7
89	184	2
89	188	1
89	189	1
89	190	2
89	194	2
89	200	2
89	202	4
89	204	5
89	206	5
89	208	1
89	210	7
89	216	5
89	220	1
89	223	2
89	225	2
89	227	1
89	228	2
90	96	3
90	98	7
90	102	31
90	103	3
90	104	4
90	105	13
90	106	4
90	107	32
90	110	9
90	111	9
90	113	8
90	116	4
90	118	6
90	122	12
90	123	7
90	124	4
90	127	5
90	128	8
90	129	4
90	130	1
90	131	3
90	132	6
90	133	19
90	134	1
90	135	16
90	136	6
90	138	4
90	139	1
90	140	25
90	141	10
90	142	3
90	143	12
90	145	2
90	147	5
90	148	22
90	153	3
90	157	2
90	159	2
90	160	8
90	161	4
90	163	12
90	164	24
90	166	7
90	167	13
90	168	4
90	169	22
90	170	16
90	171	3
90	173	2
90	174	2
90	175	12
90	176	8
90	177	3
90	179	14
90	180	3
90	181	22
90	184	21
90	188	10
90	189	15
90	190	4
90	191	3
90	195	4
90	196	4
90	198	1
90	200	36
90	202	3
90	204	5
90	206	1
90	208	3
90	209	5
90	210	27
90	212	11
90	213	13
90	215	10
90	216	9
90	220	5
90	223	1
90	224	4
90	225	8
90	226	8
90	228	13
90	229	5
91	93	6
91	114	3
91	134	2
91	138	5
91	163	2
91	165	3
91	173	4
91	174	2
91	190	31
91	194	4
91	211	4
91	215	4
91	216	4
92	93	5
92	94	3
92	95	2
92	96	1
92	98	1
92	99	1
92	101	1
92	102	7
92	104	2
92	111	5
92	114	2
92	115	1
92	116	1
92	117	1
92	118	1
92	119	1
92	121	4
92	122	8
92	123	3
92	124	2
92	125	1
92	127	2
92	128	1
92	129	2
92	130	2
92	132	4
92	133	3
92	135	2
92	138	4
92	139	1
92	143	1
92	147	4
92	149	4
92	152	6
92	158	1
92	159	2
92	160	9
92	161	1
92	163	1
92	165	2
92	166	5
92	168	1
92	171	1
92	173	1
92	177	1
92	178	4
92	181	13
92	183	8
92	184	7
92	186	10
92	187	2
92	188	3
92	189	4
92	191	3
92	192	3
92	194	1
92	197	1
92	198	3
92	200	4
92	202	2
92	206	4
92	208	11
92	210	2
92	211	3
92	215	6
92	218	1
92	219	4
92	221	1
92	222	1
92	225	15
92	227	1
92	230	3
93	94	1
93	96	1
93	111	4
93	116	1
93	121	3
93	123	1
93	127	2
93	132	6
93	134	1
93	135	1
93	138	6
93	143	2
93	151	6
93	152	5
93	163	2
93	165	3
93	166	2
93	171	1
93	172	1
93	174	1
93	177	1
93	181	9
93	183	6
93	184	2
93	187	1
93	190	7
93	191	1
93	194	1
93	198	3
93	208	14
93	210	2
93	215	2
93	216	1
93	222	2
93	225	2
93	230	1
94	95	1
94	101	1
94	111	1
94	117	1
94	134	1
94	141	1
94	142	1
94	151	6
94	161	1
94	162	1
94	172	1
94	174	1
94	176	1
94	179	1
94	183	2
94	185	1
94	186	3
94	189	2
94	192	2
94	200	2
94	211	3
94	215	2
94	216	2
94	218	1
94	219	1
94	224	1
94	228	2
94	230	2
95	127	2
95	132	2
95	134	2
95	138	5
95	159	4
95	165	4
95	168	1
95	173	2
95	184	2
95	204	4
95	215	4
96	97	8
96	98	1
96	99	3
96	100	3
96	102	1
96	111	3
96	114	7
96	115	2
96	116	4
96	117	2
96	119	2
96	120	2
96	122	6
96	123	2
96	124	2
96	125	1
96	127	1
96	132	3
96	133	3
96	137	3
96	138	2
96	143	1
96	144	15
96	145	6
96	146	9
96	147	23
96	149	2
96	150	2
96	152	1
96	157	2
96	159	1
96	160	2
96	162	7
96	165	2
96	166	3
96	167	1
96	169	2
96	170	1
96	177	10
96	178	1
96	181	3
96	182	2
96	183	2
96	186	1
96	188	2
96	190	2
96	191	2
96	192	1
96	194	1
96	199	2
96	200	1
96	206	6
96	208	1
96	209	1
96	210	2
96	216	1
96	223	2
96	225	2
96	229	1
96	230	1
97	99	2
97	114	3
97	115	1
97	117	1
97	119	2
97	120	5
97	125	2
97	127	1
97	133	1
97	141	1
97	145	1
97	146	1
97	147	14
97	155	1
97	157	1
97	162	4
97	165	1
97	168	1
97	169	2
97	172	1
97	173	2
97	177	6
97	180	3
97	181	1
97	182	1
97	191	1
97	194	2
97	202	1
97	223	1
98	102	8
98	105	3
98	107	3
98	113	1
98	121	1
98	128	1
98	132	1
98	133	2
98	137	1
98	138	8
98	139	1
98	143	2
98	145	6
98	146	1
98	153	1
98	159	1
98	162	1
98	167	1
98	169	2
98	181	2
98	188	3
98	191	1
98	192	4
98	195	1
98	200	14
98	206	5
98	208	2
98	209	3
98	210	2
98	213	3
98	216	1
98	218	5
98	227	5
98	230	4
99	100	1
99	106	2
99	109	4
99	112	2
99	114	8
99	115	2
99	116	2
99	120	1
99	127	1
99	137	1
99	138	1
99	139	1
99	142	1
99	144	5
99	147	7
99	152	1
99	158	1
99	160	2
99	168	1
99	171	2
99	173	1
99	178	3
99	180	1
99	181	5
99	182	1
99	185	1
99	187	1
99	192	1
99	194	3
99	200	2
99	202	1
99	206	5
99	208	1
99	211	1
99	215	2
99	224	1
99	226	1
99	227	1
100	101	1
100	110	1
100	112	1
100	115	2
100	116	1
100	122	6
100	132	1
100	136	2
100	144	9
100	145	3
100	146	10
100	147	12
100	149	1
100	156	1
100	160	1
100	171	2
100	173	2
100	174	1
100	178	2
100	185	3
100	190	3
100	194	1
100	206	4
100	211	3
100	215	1
100	216	5
100	217	3
100	223	1
101	112	1
101	117	1
101	118	1
101	121	1
101	127	1
101	133	4
101	136	2
101	137	1
101	138	1
101	140	2
101	141	1
101	145	1
101	146	5
101	147	8
101	150	2
101	153	1
101	154	2
101	155	4
101	156	1
101	162	2
101	163	3
101	165	2
101	174	1
101	178	1
101	180	3
101	181	9
101	184	1
101	185	1
101	186	2
101	189	44
101	191	3
101	193	1
101	199	4
101	200	1
101	201	4
101	203	10
101	204	1
101	206	3
101	208	10
101	209	1
101	210	1
101	211	5
101	213	1
101	215	1
101	216	7
101	218	1
101	220	1
101	223	1
102	103	27
102	104	53
102	105	23
102	106	25
102	107	78
102	108	32
102	109	8
102	110	6
102	111	9
102	113	5
102	116	5
102	118	8
102	122	12
102	123	9
102	126	2
102	127	4
102	128	1
102	129	2
102	131	11
102	132	20
102	133	13
102	137	1
102	138	51
102	139	1
102	140	6
102	141	1
102	142	2
102	143	4
102	144	2
102	145	18
102	146	9
102	147	5
102	150	7
102	153	7
102	154	4
102	158	1
102	160	7
102	161	5
102	162	1
102	163	15
102	164	14
102	165	8
102	166	14
102	167	3
102	168	2
102	169	1
102	170	1
102	171	5
102	174	6
102	179	1
102	181	16
102	184	9
102	186	24
102	187	2
102	188	6
102	190	2
102	191	1
102	192	6
102	194	1
102	195	2
102	196	1
102	197	2
102	200	15
102	204	1
102	206	7
102	209	4
102	210	9
102	212	1
102	216	1
102	218	5
102	220	1
102	221	7
102	223	2
102	226	4
102	227	4
102	228	1
102	230	3
103	104	6
103	106	2
103	107	21
103	108	1
103	111	2
103	118	1
103	122	9
103	123	5
103	127	1
103	128	1
103	133	5
103	138	24
103	140	1
103	142	6
103	145	8
103	147	1
103	150	1
103	153	3
103	161	8
103	163	2
103	164	2
103	167	3
103	168	3
103	175	1
103	179	2
103	181	4
103	184	1
103	188	6
103	192	2
103	195	2
103	200	1
103	206	2
103	210	3
103	212	12
103	213	4
103	226	2
103	228	1
104	105	5
104	106	10
104	107	16
104	108	11
104	111	2
104	113	1
104	115	1
104	122	4
104	123	3
104	133	1
104	137	1
104	138	14
104	140	1
104	146	4
104	160	1
104	161	4
104	163	8
104	164	1
104	165	4
104	167	1
104	171	2
104	181	3
104	186	8
104	187	1
104	188	1
104	197	3
104	206	1
104	220	1
104	221	2
105	107	13
105	116	3
105	118	6
105	127	1
105	132	16
105	133	2
105	135	1
105	138	1
105	145	4
105	153	3
105	161	1
105	163	3
105	166	12
105	181	1
105	184	2
105	188	4
105	190	1
105	192	2
105	200	5
105	206	4
105	209	1
105	210	1
105	218	1
105	220	2
105	227	2
105	230	2
106	107	7
106	108	7
106	115	3
106	122	3
106	123	1
106	126	1
106	131	1
106	132	1
106	133	1
106	137	5
106	138	3
106	140	3
106	147	1
106	163	5
106	164	2
106	166	2
106	171	2
106	181	3
106	187	3
106	194	2
106	196	1
106	197	3
106	210	3
106	221	1
107	108	11
107	110	4
107	111	5
107	113	1
107	116	1
107	118	5
107	122	3
107	123	7
107	127	3
107	128	2
107	131	3
107	132	3
107	133	11
107	136	1
107	137	1
107	138	18
107	141	1
107	142	3
107	143	1
107	145	11
107	146	4
107	147	3
107	150	2
107	153	7
107	160	3
107	161	5
107	163	8
107	164	5
107	165	4
107	166	2
107	167	3
107	168	3
107	169	1
107	171	2
107	174	3
107	175	4
107	179	1
107	181	7
107	184	6
107	186	1
107	187	1
107	188	7
107	192	2
107	193	1
107	194	2
107	196	1
107	197	5
107	200	7
107	202	1
107	205	6
107	206	5
107	208	1
107	209	2
107	210	4
107	212	1
107	213	2
107	214	2
107	218	2
107	220	1
107	221	1
107	222	1
107	226	4
107	227	1
107	228	2
107	230	1
108	113	1
108	118	1
108	123	3
108	124	10
108	126	2
108	138	19
108	158	1
108	160	1
108	163	5
108	164	3
108	171	3
108	174	1
108	181	1
108	186	1
108	197	1
108	205	6
108	215	2
108	221	3
109	122	8
109	142	8
109	162	8
109	168	25
109	194	4
109	206	17
110	116	1
110	119	2
110	123	4
110	125	2
110	129	1
110	130	2
110	131	4
110	133	2
110	135	1
110	138	5
110	141	2
110	142	2
110	143	1
110	154	2
110	155	3
110	156	1
110	158	4
110	159	1
110	160	1
110	163	1
110	167	3
110	168	3
110	169	1
110	175	2
110	176	3
110	179	3
110	180	1
110	181	3
110	182	1
110	184	3
110	186	1
110	188	3
110	190	1
110	198	1
110	200	4
110	202	3
110	208	1
110	212	1
110	213	3
110	222	1
110	229	1
111	113	1
111	114	2
111	117	1
111	118	8
111	119	3
111	121	5
111	122	14
111	123	5
111	125	1
111	127	5
111	128	4
111	131	4
111	133	15
111	135	2
111	137	2
111	138	6
111	141	3
111	142	1
111	143	1
111	145	7
111	146	2
111	147	19
111	148	2
111	149	1
111	151	2
111	153	1
111	155	1
111	157	5
111	160	7
111	161	1
111	162	6
111	163	2
111	164	7
111	167	5
111	171	3
111	172	1
111	173	1
111	175	1
111	176	1
111	178	1
111	181	4
111	183	12
111	184	10
111	186	1
111	188	2
111	189	4
111	191	4
111	192	9
111	193	4
111	195	4
111	197	3
111	199	6
111	200	7
111	201	2
111	202	1
111	203	6
111	204	3
111	205	1
111	206	5
111	208	13
111	209	1
111	210	3
111	211	5
111	214	2
111	215	2
111	216	1
111	217	1
111	218	1
111	219	4
111	220	1
111	221	4
111	222	9
111	226	4
111	227	1
111	228	3
111	229	2
111	230	2
112	114	2
112	123	4
112	133	5
112	135	1
112	136	2
112	147	20
112	166	4
112	171	2
112	178	20
112	194	2
112	200	4
112	206	10
112	209	4
112	211	1
112	216	1
112	218	4
113	116	2
113	123	5
113	133	4
113	135	2
113	138	9
113	139	1
113	143	1
113	145	4
113	146	3
113	157	1
113	160	1
113	161	2
113	163	2
113	180	2
113	181	1
113	184	1
113	188	2
113	191	1
113	192	3
113	200	1
113	208	5
113	210	2
113	216	1
113	218	2
113	219	2
113	226	1
113	227	2
113	230	3
114	115	3
114	116	1
114	119	1
114	120	4
114	122	1
114	124	1
114	125	1
114	127	2
114	132	3
114	133	2
114	135	1
114	137	2
114	138	2
114	142	1
114	145	5
114	147	14
114	149	1
114	150	1
114	152	1
114	155	1
114	158	1
114	162	2
114	163	1
114	165	15
114	167	3
114	171	2
114	177	3
114	178	6
114	181	3
114	182	3
114	183	1
114	185	1
114	188	1
114	189	3
114	190	1
114	191	1
114	192	1
114	194	2
114	199	1
114	200	1
114	202	1
114	206	4
114	208	4
114	209	1
114	210	1
114	211	1
114	215	2
114	224	3
114	229	1
114	230	1
115	124	1
115	127	1
115	128	1
115	131	2
115	132	1
115	133	1
115	137	4
115	145	2
115	146	20
115	147	2
115	149	3
115	156	2
115	173	2
115	177	1
115	180	1
115	181	3
115	187	1
115	190	4
115	194	2
115	197	1
115	202	1
115	208	1
115	211	1
115	215	2
115	216	2
116	118	2
116	119	1
116	121	1
116	123	2
116	127	1
116	132	7
116	133	1
116	135	2
116	138	3
116	143	1
116	144	5
116	145	1
116	150	2
116	152	3
116	155	1
116	158	2
116	163	2
116	166	4
116	173	1
116	174	3
116	175	1
116	177	1
116	181	10
116	184	1
116	188	1
116	189	2
116	198	1
116	200	2
116	206	1
116	210	1
116	223	1
116	225	2
116	226	2
116	228	1
117	122	2
117	127	2
117	130	1
117	133	1
117	135	1
117	140	2
117	142	2
117	147	8
117	149	3
117	153	1
117	155	5
117	157	1
117	159	1
117	162	2
117	165	1
117	167	2
117	177	2
117	178	1
117	181	1
117	183	1
117	185	1
117	186	4
117	190	5
117	191	1
117	192	1
117	199	1
117	200	1
117	202	3
117	206	2
117	208	5
117	210	2
117	214	6
117	216	2
117	217	1
117	223	1
117	226	1
117	228	1
118	121	1
118	122	3
118	123	4
118	127	1
118	128	2
118	132	10
118	133	5
118	135	6
118	136	1
118	137	1
118	143	3
118	145	4
118	148	7
118	151	1
118	162	2
118	163	1
118	164	2
118	165	3
118	166	8
118	181	5
118	183	2
118	184	1
118	186	2
118	188	2
118	192	2
118	193	1
118	196	3
118	197	3
118	200	1
118	204	1
118	208	1
118	209	1
118	210	2
118	212	1
118	214	2
118	216	1
118	221	1
118	222	1
118	226	5
118	227	2
119	124	2
119	125	1
119	126	1
119	130	2
119	138	1
119	141	8
119	142	2
119	146	4
119	147	1
119	149	1
119	152	2
119	153	1
119	159	2
119	165	8
119	167	2
119	171	5
119	174	2
119	183	1
119	188	2
119	189	4
119	191	1
119	194	2
119	198	1
119	199	2
119	202	1
119	215	2
119	216	1
119	219	2
119	222	5
119	225	2
120	122	5
120	127	1
120	132	1
120	135	1
120	137	1
120	141	1
120	145	1
120	147	9
120	155	4
120	156	1
120	160	1
120	162	2
120	167	1
120	173	2
120	177	2
120	179	1
120	180	1
120	181	4
120	182	2
120	183	1
120	191	1
120	193	1
120	194	2
120	199	1
120	210	2
120	220	1
121	123	1
121	127	2
121	133	3
121	135	3
121	138	1
121	142	2
121	144	2
121	145	11
121	146	5
121	151	1
121	154	2
121	158	1
121	160	1
121	162	1
121	166	2
121	168	2
121	180	1
121	181	4
121	183	5
121	187	3
121	188	2
121	191	2
121	192	2
121	197	2
121	200	1
121	208	7
121	209	1
121	213	1
121	218	1
121	219	3
121	230	1
122	123	24
122	124	16
122	126	6
122	131	20
122	132	9
122	135	1
122	136	8
122	137	2
122	138	9
122	140	3
122	141	2
122	142	3
122	143	3
122	145	15
122	147	1
122	148	2
122	156	5
122	157	5
122	159	8
122	160	15
122	161	3
122	162	3
122	163	1
122	164	8
122	165	3
122	167	3
122	168	3
122	169	10
122	170	20
122	171	1
122	172	1
122	173	8
122	174	8
122	175	4
122	178	2
122	181	7
122	184	3
122	185	3
122	186	71
122	189	6
122	190	20
122	193	5
122	194	12
122	195	5
122	198	12
122	200	4
122	202	5
122	204	8
122	205	4
122	206	9
122	208	2
122	210	33
122	211	15
122	213	4
122	215	28
122	216	37
122	217	4
122	222	5
122	223	4
122	224	7
122	226	7
123	128	1
123	131	12
123	133	6
123	135	3
123	138	10
123	143	4
123	145	4
123	146	5
123	150	2
123	153	2
123	158	2
123	160	13
123	161	4
123	162	3
123	163	14
123	166	22
123	168	2
123	171	1
123	173	2
123	178	3
123	181	14
123	184	5
123	186	1
123	187	1
123	188	7
123	189	12
123	191	1
123	192	1
123	193	3
123	194	1
123	197	1
123	200	1
123	204	3
123	206	2
123	208	1
123	212	1
123	213	1
123	216	2
123	218	2
123	219	2
123	221	1
123	226	5
123	227	2
123	228	1
123	230	1
124	126	28
124	132	1
124	137	1
124	138	17
124	139	12
124	146	1
124	147	2
124	149	1
124	150	1
124	156	2
124	159	1
124	160	12
124	165	2
124	167	1
124	169	3
124	170	16
124	171	3
124	181	12
124	186	22
124	190	8
124	197	2
124	200	4
124	215	26
124	216	13
124	222	1
124	224	2
124	228	1
124	229	1
125	130	1
125	147	5
125	149	5
125	151	6
125	158	2
125	159	2
125	162	11
125	166	1
125	172	1
125	178	3
125	181	1
125	187	1
125	189	20
125	190	1
125	194	1
125	200	2
125	201	2
125	211	2
125	223	2
126	138	6
126	139	2
126	140	2
126	141	10
126	156	1
126	159	1
126	160	2
126	161	2
126	163	1
126	165	2
126	167	2
126	168	1
126	169	1
126	171	1
126	173	2
126	174	2
126	176	4
126	177	1
126	181	8
126	183	1
126	186	8
126	200	1
126	202	1
126	204	1
126	206	1
126	210	3
126	211	4
126	215	4
126	216	2
126	217	1
126	224	1
126	228	1
126	229	1
127	128	1
127	131	2
127	132	5
127	133	9
127	135	3
127	137	1
127	138	5
127	139	3
127	140	4
127	141	1
127	142	1
127	145	9
127	147	7
127	148	8
127	149	1
127	150	1
127	153	4
127	155	4
127	156	1
127	157	3
127	160	4
127	161	2
127	162	3
127	163	4
127	165	7
127	167	3
127	168	2
127	180	6
127	181	7
127	183	7
127	184	5
127	186	1
127	187	2
127	188	2
127	190	1
127	191	2
127	192	2
127	194	1
127	195	3
127	197	1
127	199	2
127	200	1
127	202	5
127	205	1
127	206	3
127	208	11
127	209	2
127	210	3
127	211	2
127	212	1
127	213	1
127	215	1
127	219	1
127	220	1
127	221	9
127	222	19
127	226	3
127	227	1
127	228	1
127	229	1
127	230	2
128	133	10
128	134	2
128	135	2
128	137	1
128	138	2
128	139	4
128	141	5
128	145	2
128	155	2
128	159	2
128	160	2
128	161	1
128	165	5
128	177	1
128	178	4
128	181	4
128	183	3
128	184	2
128	186	1
128	188	10
128	191	2
128	197	1
128	199	1
128	200	2
128	204	1
128	206	5
128	208	5
128	210	1
128	212	2
128	215	5
128	218	1
128	220	1
128	224	1
128	226	2
128	227	1
128	228	1
129	137	2
129	142	3
129	143	2
129	167	3
129	168	3
129	170	3
129	174	1
129	176	1
129	179	2
129	181	1
129	190	1
129	200	3
129	212	1
129	213	3
129	215	5
129	221	2
129	229	1
130	141	1
130	158	2
130	163	1
130	165	4
130	171	1
130	176	3
130	179	2
130	188	1
130	189	2
130	200	1
130	202	2
130	208	11
130	228	2
130	229	1
131	132	1
131	137	2
131	144	2
131	152	3
131	160	12
131	166	2
131	171	1
131	174	2
131	181	2
131	184	1
131	188	3
131	192	3
131	193	4
131	196	1
131	210	1
131	223	1
131	227	3
131	230	3
132	135	1
132	136	1
132	137	1
132	138	15
132	139	1
132	142	1
132	143	1
132	147	2
132	149	1
132	152	9
132	156	1
132	157	1
132	158	4
132	162	2
132	165	2
132	166	22
132	167	1
132	171	2
132	173	2
132	174	1
132	177	1
132	180	2
132	181	16
132	182	1
132	183	1
132	186	6
132	188	1
132	195	3
132	196	1
132	198	4
132	200	2
132	202	5
132	204	1
132	206	1
132	207	23
132	208	5
132	209	1
132	210	5
132	211	2
132	212	3
132	213	1
132	215	3
132	216	1
132	217	1
132	218	1
132	220	1
132	222	1
132	223	1
132	225	6
132	226	1
132	228	1
133	135	5
133	138	2
133	139	2
133	141	1
133	142	2
133	143	2
133	144	5
133	145	20
133	146	5
133	147	6
133	148	2
133	149	1
133	150	5
133	153	2
133	154	2
133	155	2
133	160	4
133	161	3
133	163	12
133	165	1
133	167	6
133	168	2
133	169	1
133	173	1
133	176	3
133	177	1
133	178	3
133	179	1
133	180	1
133	181	6
133	183	5
133	184	5
133	186	1
133	188	12
133	189	1
133	190	4
133	191	1
133	192	6
133	193	2
133	194	1
133	197	4
133	198	2
133	200	6
133	203	2
133	206	2
133	208	1
133	209	7
133	210	4
133	214	4
133	218	3
133	219	4
133	220	1
133	221	3
133	222	6
133	226	1
133	227	2
133	229	3
133	230	3
134	138	3
134	163	1
134	164	2
134	165	2
134	167	1
134	173	1
134	174	6
134	191	2
134	200	2
135	142	2
135	143	2
135	145	8
135	147	2
135	148	6
135	151	1
135	155	4
135	156	1
135	160	1
135	161	1
135	162	1
135	163	2
135	165	8
135	166	2
135	167	1
135	168	2
135	169	1
135	173	2
135	177	3
135	178	3
135	180	1
135	181	3
135	182	1
135	183	5
135	184	1
135	186	2
135	187	2
135	188	3
135	189	7
135	190	4
135	191	2
135	193	1
135	194	3
135	197	1
135	198	2
135	199	1
135	200	1
135	204	1
135	208	4
135	209	1
135	210	4
135	211	2
135	212	1
135	213	1
135	219	2
135	220	2
135	221	3
135	222	2
135	226	8
135	227	1
135	228	2
135	229	2
136	143	8
136	147	12
136	149	1
136	156	4
136	158	2
136	164	2
136	166	1
136	167	7
136	171	1
136	173	4
136	174	5
136	178	2
136	185	1
136	188	1
136	190	2
136	191	1
136	196	2
136	198	3
136	200	4
136	204	2
136	206	6
136	210	14
136	211	2
136	213	4
136	215	2
136	216	5
136	217	1
136	223	1
136	224	1
136	228	1
137	145	1
137	147	5
137	149	2
137	156	1
137	159	2
137	163	6
137	165	1
137	167	1
137	170	5
137	172	2
137	177	2
137	181	2
137	182	4
137	185	1
137	186	1
137	190	1
137	191	1
137	192	1
137	194	1
137	197	1
137	200	4
137	206	3
137	211	5
137	215	1
137	216	4
137	217	2
137	220	1
137	227	1
137	230	1
138	139	1
138	141	11
138	142	4
138	143	9
138	146	10
138	147	6
138	150	3
138	152	7
138	153	8
138	154	5
138	155	4
138	156	7
138	158	3
138	159	3
138	160	4
138	161	1
138	162	3
138	163	11
138	165	6
138	168	2
138	171	8
138	172	2
138	173	1
138	174	2
138	175	1
138	176	4
138	177	1
138	178	4
138	179	9
138	181	55
138	182	5
138	183	1
138	184	9
138	186	6
138	187	1
138	188	1
138	189	3
138	190	4
138	191	8
138	192	1
138	197	2
138	198	7
138	199	1
138	200	18
138	202	1
138	204	6
138	205	2
138	206	6
138	207	15
138	208	7
138	209	13
138	210	2
138	211	2
138	212	12
138	213	2
138	214	1
138	215	11
138	216	10
138	218	14
138	219	1
138	220	1
138	221	3
138	222	1
138	223	1
138	225	3
138	226	2
138	227	9
138	228	2
139	145	2
139	147	1
139	157	2
139	160	5
139	162	1
139	180	2
139	181	1
139	186	3
139	188	3
139	197	2
139	198	4
139	199	1
139	200	3
139	202	1
139	206	3
139	208	5
139	211	2
139	218	1
139	221	2
139	222	2
139	227	1
140	153	2
140	155	8
140	156	2
140	168	2
140	179	6
140	181	4
140	186	2
140	187	2
140	191	2
140	206	2
140	208	25
140	210	30
140	213	6
140	226	2
141	143	2
141	144	5
141	145	1
141	154	2
141	156	1
141	163	1
141	165	8
141	168	1
141	169	1
141	174	1
141	175	3
141	176	4
141	177	1
141	179	5
141	180	1
141	181	7
141	183	8
141	189	9
141	190	2
141	197	1
141	200	2
141	202	13
141	205	1
141	208	3
141	209	2
141	211	1
141	212	1
141	213	3
141	214	4
141	218	1
141	221	1
141	224	2
141	228	1
142	145	2
142	146	4
142	149	1
142	154	2
142	159	1
142	162	3
142	165	2
142	167	7
142	168	11
142	175	1
142	176	2
142	177	1
142	179	7
142	181	4
142	187	1
142	189	1
142	190	4
142	194	1
142	197	1
142	199	1
142	200	1
142	206	1
142	212	8
142	213	6
142	216	2
142	221	1
142	227	1
142	228	1
142	229	2
143	145	2
143	146	17
143	147	3
143	148	2
143	158	2
143	163	1
143	165	5
143	166	2
143	169	1
143	173	2
143	174	12
143	175	1
143	176	2
143	179	2
143	181	3
143	184	1
143	188	2
143	189	1
143	190	7
143	191	1
143	196	2
143	197	1
143	198	1
143	200	6
143	201	1
143	203	1
143	204	3
143	205	4
143	206	3
143	208	2
143	211	1
143	212	2
143	213	5
143	216	5
143	217	1
143	218	3
143	221	1
143	224	2
143	226	1
143	227	4
143	228	2
144	145	8
144	147	3
144	156	3
144	160	4
144	163	5
144	177	5
144	206	20
144	208	2
144	211	6
144	217	3
145	146	5
145	147	16
145	150	2
145	151	2
145	153	3
145	155	2
145	160	4
145	162	6
145	163	3
145	165	1
145	166	1
145	168	3
145	177	2
145	180	2
145	181	9
145	182	2
145	183	4
145	184	2
145	185	2
145	187	1
145	188	18
145	189	9
145	191	5
145	192	17
145	193	4
145	194	1
145	197	9
145	200	8
145	201	1
145	203	1
145	206	12
145	209	10
145	211	1
145	214	8
145	216	7
145	218	6
145	219	1
145	220	1
145	221	6
145	222	1
145	226	2
145	227	4
145	228	1
145	229	5
145	230	13
146	147	4
146	149	16
146	150	1
146	154	10
146	155	1
146	156	10
146	159	1
146	162	2
146	165	17
146	170	2
146	171	2
146	173	12
146	177	2
146	178	1
146	181	1
146	184	2
146	187	1
146	190	30
146	191	1
146	192	2
146	194	14
146	198	5
146	200	1
146	210	2
146	211	7
146	215	2
146	216	20
146	217	7
146	218	6
146	226	2
146	227	6
146	228	3
146	230	2
147	148	3
147	149	18
147	150	13
147	151	2
147	155	6
147	156	2
147	157	12
147	159	1
147	162	16
147	163	2
147	164	6
147	165	9
147	166	1
147	167	1
147	170	1
147	171	15
147	172	2
147	173	8
147	177	12
147	178	38
147	181	3
147	182	5
147	183	4
147	184	5
147	185	3
147	187	1
147	188	4
147	189	20
147	190	10
147	191	3
147	192	2
147	193	2
147	194	10
147	199	2
147	200	3
147	201	7
147	202	6
147	203	1
147	204	2
147	206	22
147	208	3
147	209	2
147	210	1
147	211	20
147	213	1
147	215	2
147	216	10
147	217	2
147	218	1
147	219	4
147	220	1
147	222	4
147	223	8
147	224	1
147	226	1
147	229	1
147	230	1
148	150	9
148	160	4
148	171	5
148	181	1
148	184	8
148	188	6
148	189	5
148	200	5
148	204	1
148	209	4
148	221	4
148	222	1
148	226	4
148	230	4
149	155	1
149	156	3
149	159	4
149	162	6
149	163	2
149	172	3
149	173	2
149	177	3
149	178	3
149	190	4
149	193	1
149	194	2
149	196	6
149	202	3
149	206	5
149	208	1
149	211	4
149	216	3
149	217	1
149	220	1
149	222	1
149	223	1
150	153	1
150	155	2
150	159	1
150	160	5
150	162	1
150	169	5
150	171	1
150	176	1
150	179	1
150	190	2
150	192	1
150	200	2
150	208	2
150	213	3
150	226	2
150	228	2
151	166	2
151	172	6
151	183	1
151	186	2
151	189	2
151	192	1
152	158	3
152	159	1
152	160	2
152	161	1
152	163	1
152	171	1
152	172	1
152	173	1
152	177	1
152	181	26
152	184	1
152	188	1
152	192	1
152	198	4
152	208	2
152	210	1
152	222	1
152	223	1
152	225	8
152	227	1
152	230	1
153	155	11
153	160	1
153	161	1
153	168	1
153	181	1
153	184	1
153	188	1
153	191	1
153	192	1
153	200	2
153	203	2
153	206	3
153	208	4
153	221	1
153	222	6
153	226	2
153	227	1
153	230	1
154	156	1
154	175	4
154	176	2
154	179	6
154	182	1
154	198	1
154	200	1
154	202	3
154	208	3
154	212	12
154	214	4
155	159	3
155	160	1
155	162	4
155	163	1
155	165	7
155	172	1
155	173	4
155	174	1
155	175	1
155	178	1
155	181	4
155	182	1
155	191	4
155	192	2
155	199	1
155	200	1
155	203	2
155	206	2
155	208	20
155	209	1
155	219	2
155	220	1
155	222	1
155	226	1
155	228	1
156	160	1
156	163	8
156	165	6
156	168	1
156	169	1
156	171	2
156	173	3
156	174	2
156	181	1
156	182	3
156	183	1
156	185	2
156	186	1
156	190	4
156	194	1
156	196	1
156	198	5
156	200	1
156	202	1
156	206	1
156	208	2
156	209	1
156	210	2
156	211	4
156	212	1
156	213	1
156	214	4
156	215	2
156	216	4
156	217	3
156	222	3
156	223	2
157	162	2
157	171	1
157	173	1
157	177	1
157	178	5
157	180	2
157	192	1
157	195	3
157	200	1
157	202	2
157	203	2
157	206	1
157	208	5
157	212	2
157	215	1
157	216	1
157	223	1
157	227	1
158	173	2
158	174	1
158	181	9
158	183	1
158	193	2
158	200	2
158	204	4
158	206	6
158	210	1
158	215	1
158	223	1
158	225	2
159	161	2
159	165	2
159	171	1
159	173	2
159	174	1
159	180	1
159	181	1
159	186	1
159	190	1
159	192	1
159	195	1
159	200	5
159	206	1
159	210	3
159	211	5
159	213	2
159	215	13
159	223	2
159	224	2
159	225	2
159	227	1
159	230	1
160	161	3
160	162	1
160	166	7
160	169	3
160	172	1
160	175	1
160	181	22
160	184	7
160	186	3
160	188	2
160	191	1
160	192	2
160	193	3
160	200	4
160	206	5
160	208	1
160	209	1
160	212	2
160	213	1
160	220	1
160	221	6
160	222	3
160	223	1
160	225	6
160	226	1
160	228	2
160	229	3
161	163	2
161	173	1
161	180	1
161	181	14
161	184	2
161	185	1
161	186	1
161	192	1
161	211	2
161	215	12
161	219	1
161	228	1
161	229	1
161	230	1
162	165	1
162	166	2
162	168	1
162	169	1
162	171	2
162	172	3
162	173	1
162	177	2
162	180	7
162	181	8
162	182	1
162	184	1
162	187	3
162	188	3
162	189	15
162	191	1
162	192	1
162	193	5
162	194	2
162	200	2
162	201	2
162	202	1
162	203	4
162	206	3
162	208	1
162	209	1
162	215	3
162	218	1
162	220	1
162	222	6
162	223	2
162	228	1
162	230	1
163	165	8
163	167	7
163	171	1
163	174	1
163	177	2
163	180	1
163	181	7
163	182	3
163	184	5
163	186	2
163	187	3
163	188	4
163	189	4
163	191	1
163	192	2
163	194	1
163	198	2
163	200	2
163	203	2
163	206	1
163	208	9
163	209	1
163	210	2
163	211	8
163	217	1
163	218	1
163	219	1
163	220	3
163	221	1
163	222	13
163	224	1
163	225	2
163	230	1
164	167	2
164	174	10
164	181	1
164	184	18
164	188	2
164	204	6
165	168	1
165	170	1
165	171	7
165	176	4
165	177	3
165	179	4
165	181	2
165	182	8
165	183	1
165	184	1
165	185	4
165	186	3
165	190	7
165	194	2
165	200	7
165	202	3
165	204	2
165	206	4
165	208	41
165	210	3
165	211	9
165	212	3
165	213	7
165	214	8
165	215	3
165	216	5
165	217	1
165	220	2
165	221	1
165	222	13
165	223	3
165	226	16
165	228	2
165	229	2
166	169	1
166	171	2
166	178	2
166	181	5
166	186	1
166	187	2
166	189	1
166	190	1
166	191	2
166	196	3
166	206	2
166	208	2
166	215	1
166	221	2
166	223	1
167	168	11
167	169	2
167	171	1
167	174	7
167	176	3
167	177	1
167	179	3
167	181	3
167	182	2
167	183	3
167	187	1
167	188	1
167	190	3
167	191	1
167	192	2
167	200	11
167	202	4
167	206	4
167	210	18
167	212	4
167	213	16
167	222	1
167	224	3
167	226	1
167	228	4
167	229	5
168	169	1
168	173	1
168	176	3
168	179	3
168	181	5
168	186	1
168	187	1
168	188	1
168	189	6
168	190	3
168	191	1
168	197	1
168	200	1
168	204	1
168	206	5
168	209	2
168	212	3
168	213	9
168	218	2
168	221	1
168	227	1
168	229	3
169	175	1
169	180	2
169	181	2
169	191	1
169	200	6
169	210	4
169	212	1
169	216	2
169	221	2
169	222	1
169	228	1
170	172	3
170	179	3
170	190	7
170	200	3
170	206	1
170	211	2
170	215	7
170	216	13
170	217	3
171	173	3
171	174	1
171	177	2
171	178	4
171	181	5
171	185	2
171	187	1
171	188	2
171	189	2
171	190	3
171	192	1
171	193	1
171	194	4
171	196	1
171	202	2
171	203	2
171	206	3
171	208	1
171	215	2
171	216	2
171	217	1
171	221	1
171	222	1
171	223	1
172	181	6
172	184	1
172	189	3
172	191	1
172	208	2
172	211	2
172	215	1
172	217	1
172	219	1
172	220	1
173	174	2
173	177	1
173	178	1
173	180	3
173	181	3
173	182	2
173	185	1
173	186	1
173	188	1
173	189	6
173	190	3
173	191	1
173	194	1
173	200	1
173	204	1
173	206	3
173	208	2
173	210	3
173	211	4
173	215	4
173	216	3
173	217	2
173	223	2
173	225	2
174	175	3
174	184	2
174	185	2
174	190	9
174	195	1
174	199	1
174	200	2
174	204	1
174	206	3
174	210	2
174	211	3
174	213	1
174	215	7
174	216	7
174	217	2
174	219	2
174	223	1
174	224	1
174	228	1
174	229	2
175	176	6
175	179	5
175	200	1
175	202	9
175	212	6
175	213	1
175	224	1
175	226	1
175	228	2
175	229	2
176	179	20
176	181	1
176	190	1
176	192	2
176	200	2
176	202	6
176	204	3
176	209	1
176	210	1
176	211	1
176	212	1
176	213	4
176	228	2
176	229	2
177	178	1
177	181	5
177	182	2
177	183	1
177	189	1
177	191	1
177	199	2
177	200	1
177	202	1
177	206	1
177	210	2
177	211	1
177	217	1
177	223	1
177	225	2
177	228	1
177	229	1
178	183	3
178	184	2
178	186	1
178	190	2
178	193	2
178	194	3
178	200	6
178	202	1
178	206	13
178	208	1
178	209	1
178	211	1
178	216	1
178	218	1
178	226	2
178	227	2
179	181	1
179	190	1
179	192	1
179	198	1
179	200	2
179	202	6
179	204	2
179	209	2
179	210	4
179	211	1
179	212	1
179	213	5
179	218	1
179	228	1
179	229	1
180	181	5
180	182	1
180	187	4
180	188	1
180	189	18
180	192	1
180	193	5
180	199	5
180	202	2
180	208	1
180	222	1
180	230	1
181	182	1
181	183	1
181	184	12
181	186	14
181	187	7
181	188	8
181	189	27
181	190	1
181	191	2
181	193	3
181	196	2
181	197	2
181	198	3
181	199	7
181	200	6
181	205	7
181	206	2
181	208	5
181	209	1
181	210	4
181	211	4
181	212	2
181	213	6
181	215	4
181	216	5
181	218	1
181	219	2
181	220	3
181	221	1
181	222	1
181	223	6
181	224	4
181	225	13
181	226	4
181	227	1
181	229	1
182	187	1
182	188	1
182	191	2
182	198	1
182	200	1
182	208	7
182	215	1
182	217	1
183	184	1
183	186	3
183	188	1
183	191	2
183	192	3
183	193	1
183	194	2
183	198	3
183	199	1
183	200	2
183	202	1
183	208	18
183	210	2
183	211	3
183	219	5
183	220	1
183	221	6
183	222	3
183	226	2
183	230	2
184	188	7
184	190	2
184	192	1
184	193	5
184	200	3
184	203	2
184	204	4
184	206	4
184	208	2
184	210	1
184	211	1
184	215	1
184	216	1
184	218	2
184	221	2
184	225	6
184	226	1
184	227	1
184	228	1
184	230	1
185	186	2
185	190	11
185	206	2
185	211	1
185	215	3
185	216	13
185	217	2
185	223	3
185	224	1
186	190	12
186	192	4
186	196	3
186	197	1
186	198	1
186	199	2
186	200	3
186	206	5
186	207	30
186	208	3
186	211	6
186	212	1
186	215	3
186	216	5
186	217	2
186	219	1
186	223	1
186	224	3
186	230	3
187	189	6
187	191	1
187	197	2
187	199	4
187	200	1
187	206	1
187	208	1
187	210	1
187	211	2
187	213	1
187	214	1
187	219	1
187	222	7
187	223	2
187	226	1
188	189	2
188	192	5
188	193	2
188	200	3
188	206	1
188	209	3
188	210	3
188	213	2
188	218	2
188	219	1
188	220	1
188	225	3
188	227	2
188	229	1
188	230	5
189	190	1
189	191	13
189	199	5
189	200	2
189	201	51
189	202	1
189	203	13
189	204	6
189	206	4
189	208	9
189	211	1
189	220	3
189	223	4
190	194	9
190	195	1
190	196	12
190	198	1
190	200	2
190	206	9
190	208	2
190	210	2
190	211	5
190	212	1
190	213	3
190	215	18
190	216	35
190	217	11
190	219	2
190	223	2
190	229	1
191	195	1
191	199	2
191	200	2
191	208	4
191	210	3
191	212	1
191	216	1
191	218	1
191	219	3
191	221	1
191	227	1
192	196	3
192	200	10
192	203	2
192	204	1
192	206	4
192	208	1
192	209	8
192	210	2
192	211	3
192	212	1
192	213	1
192	218	4
192	219	1
192	220	1
192	226	1
192	227	6
192	228	1
192	229	4
192	230	11
193	194	2
193	197	2
193	199	2
193	200	1
193	208	2
193	214	2
193	219	1
193	220	2
194	206	5
194	208	7
194	210	1
194	211	2
194	215	2
194	216	4
194	219	1
194	220	2
194	226	1
195	202	1
195	206	3
195	210	1
195	212	4
195	216	3
195	228	3
196	212	3
196	217	6
197	200	1
197	204	1
197	205	8
197	214	4
197	215	1
197	218	1
197	224	1
197	227	1
198	200	1
198	202	2
198	204	3
198	208	3
198	210	2
198	211	3
198	215	1
198	217	1
198	221	2
198	222	3
198	225	6
199	214	6
199	220	1
200	202	6
200	203	2
200	204	1
200	206	19
200	208	7
200	209	3
200	210	9
200	211	3
200	212	2
200	213	12
200	216	1
200	218	6
200	219	1
200	222	1
200	223	2
200	224	3
200	226	1
200	227	9
200	228	7
200	229	5
200	230	7
201	203	9
201	206	2
202	206	2
202	208	7
202	212	4
202	213	4
202	214	4
202	215	2
202	216	1
202	223	1
203	206	4
203	208	2
203	218	2
204	206	1
204	209	1
204	210	10
204	211	5
204	215	3
204	221	1
204	222	1
204	224	1
204	229	1
205	216	4
206	208	1
206	209	3
206	210	6
206	211	5
206	215	1
206	216	14
206	217	2
206	218	5
206	220	1
206	223	1
206	226	2
206	227	4
206	228	4
206	229	3
206	230	2
208	210	1
208	211	4
208	213	7
208	214	12
208	215	1
208	218	1
208	219	1
208	220	2
208	226	2
209	210	2
209	218	9
209	220	1
209	226	1
209	227	2
209	229	3
209	230	4
210	211	2
210	213	16
210	215	2
210	217	2
210	218	1
210	221	1
210	222	2
210	223	1
210	224	3
210	225	1
210	226	2
210	228	2
210	229	3
211	215	2
211	216	4
211	217	8
211	219	7
211	221	1
211	222	4
211	223	4
211	230	3
212	213	7
212	215	3
212	216	1
212	228	1
212	229	1
213	216	1
213	223	1
213	224	1
213	229	3
215	216	9
215	217	2
215	219	2
215	222	2
215	223	2
215	224	1
215	230	1
216	217	3
216	218	2
216	223	2
216	227	2
216	228	1
217	223	1
218	224	1
218	226	1
218	227	6
218	228	1
218	230	3
219	220	1
219	222	2
219	223	1
219	230	1
220	222	1
220	226	2
221	222	9
222	225	1
223	224	1
223	225	2
224	227	1
224	228	1
224	229	2
226	227	2
226	230	1
227	228	1
227	230	6
228	229	7
229	230	1
