1	2	166
1	3	73
1	4	33
1	5	58
1	6	13
1	7	60
1	8	37
1	9	23
1	10	42
1	11	22
1	12	14
1	13	18
1	14	22
1	15	535
1	16	31
1	17	45
1	18	44
1	19	52
1	20	83
1	21	20
1	22	130
1	23	32
1	24	124
1	25	35
1	26	48
1	27	34
1	28	39
1	29	23
1	30	2
1	31	62
1	32	179
1	33	157
1	34	29
1	35	4
1	36	7
1	37	35
1	38	136
1	39	34
1	40	44
1	41	41
1	42	23
1	43	51
1	44	29
1	45	44
1	46	30
1	47	10
1	48	42
1	49	43
1	50	97
1	51	37
1	52	41
1	53	54
1	54	88
1	55	18
1	56	32
1	57	52
1	58	156
1	59	10
1	60	47
1	61	154
1	62	65
1	63	16
1	64	35
1	65	65
1	66	167
1	67	8
1	68	179
1	69	154
1	70	118
1	71	207
1	72	42
1	73	53
1	74	88
1	75	10
2	3	61
2	4	43
2	5	45
2	6	2
2	7	101
2	8	31
2	9	11
2	10	33
2	11	25
2	12	55
2	13	87
2	14	27
2	15	905
2	16	7
2	17	90
2	18	35
2	19	91
2	20	120
2	21	12
2	22	190
2	23	56
2	24	250
2	25	69
2	26	113
2	27	55
2	28	25
2	29	7
2	30	4
2	31	106
2	32	291
2	33	143
2	34	39
2	35	27
2	36	26
2	37	90
2	38	159
2	39	65
2	40	84
2	41	75
2	42	11
2	43	51
2	44	49
2	45	54
2	46	127
2	47	14
2	48	66
2	49	27
2	50	144
2	51	54
2	52	18
2	53	42
2	54	76
2	55	16
2	56	36
2	57	45
2	58	265
2	59	34
2	60	20
2	61	200
2	62	53
2	63	37
2	64	3
2	65	135
2	66	317
2	67	8
2	68	246
2	69	241
2	70	139
2	71	335
2	72	86
2	73	33
2	74	66
2	75	8
3	4	78
3	5	20
3	6	3
3	7	13
3	8	5
3	9	1
3	10	39
3	12	20
3	13	11
3	14	9
3	15	445
3	16	6
3	17	8
3	18	2
3	19	7
3	20	56
3	21	5
3	22	133
3	23	51
3	24	184
3	25	58
3	26	90
3	27	49
3	28	24
3	29	7
3	30	20
3	31	165
3	32	72
3	33	40
3	34	15
3	35	9
3	36	22
3	37	55
3	38	138
3	39	30
3	40	131
3	41	31
3	42	21
3	43	22
3	44	11
3	45	17
3	46	27
3	47	2
3	48	13
3	49	17
3	50	41
3	51	97
3	52	32
3	53	10
3	54	27
3	55	3
3	56	9
3	57	5
3	58	299
3	59	10
3	60	2
3	61	242
3	62	13
3	63	33
3	64	25
3	65	81
3	66	223
3	67	2
3	68	37
3	69	59
3	70	13
3	71	237
3	72	14
3	73	30
3	74	7
4	5	11
4	6	1
4	7	33
4	8	13
4	9	5
4	10	24
4	11	2
4	12	8
4	13	9
4	14	5
4	15	190
4	16	7
4	17	30
4	18	2
4	19	14
4	20	27
4	21	1
4	22	54
4	23	22
4	24	60
4	25	8
4	26	21
4	27	24
4	28	9
4	30	13
4	31	138
4	32	74
4	33	14
4	34	10
4	35	2
4	36	16
4	37	31
4	38	112
4	39	32
4	40	49
4	41	11
4	42	5
4	43	10
4	44	8
4	45	10
4	46	11
4	48	7
4	49	4
4	50	215
4	51	24
4	52	2
4	53	18
4	54	10
4	55	2
4	56	3
4	57	22
4	58	95
4	59	7
4	60	1
4	61	89
4	62	7
4	63	10
4	64	41
4	65	35
4	66	91
4	68	41
4	69	68
4	70	22
4	71	125
4	72	6
4	73	4
4	74	8
4	75	5
5	6	13
5	7	23
5	8	144
5	9	40
5	10	44
5	11	43
5	12	10
5	13	15
5	14	15
5	15	242
5	16	24
5	17	42
5	18	72
5	19	88
5	20	30
5	21	29
5	22	50
5	23	38
5	24	49
5	25	20
5	26	33
5	27	21
5	28	99
5	29	48
5	30	5
5	31	53
5	32	37
5	33	106
5	34	34
5	35	33
5	36	13
5	37	34
5	38	91
5	39	42
5	40	32
5	41	30
5	42	52
5	43	47
5	44	23
5	45	68
5	46	89
5	47	17
5	48	30
5	49	22
5	50	23
5	51	14
5	52	60
5	53	75
5	54	189
5	55	26
5	56	19
5	57	38
5	58	133
5	59	23
5	60	52
5	61	106
5	62	100
5	63	23
5	64	25
5	65	30
5	66	114
5	67	62
5	68	29
5	69	68
5	70	48
5	71	178
5	72	72
5	73	34
5	74	165
5	75	20
6	7	34
6	8	13
6	9	5
6	10	9
6	11	2
6	12	3
6	13	10
6	14	5
6	15	70
6	16	4
6	17	8
6	19	4
6	20	4
6	21	3
6	22	6
6	23	13
6	24	9
6	25	11
6	26	16
6	27	4
6	28	17
6	29	10
6	30	1
6	31	2
6	33	19
6	34	1
6	37	6
6	38	52
6	39	28
6	40	11
6	41	3
6	42	3
6	43	17
6	44	6
6	45	15
6	46	17
6	47	10
6	48	47
6	49	11
6	50	4
6	51	6
6	52	3
6	53	3
6	54	9
6	55	7
6	56	1
6	57	7
6	58	30
6	59	2
6	60	7
6	61	9
6	62	6
6	63	1
6	64	2
6	65	1
6	66	10
6	67	2
6	68	7
6	69	17
6	70	16
6	71	31
6	72	6
6	73	1
6	74	22
6	75	1
7	8	25
7	9	17
7	10	12
7	11	8
7	12	99
7	13	59
7	14	4
7	15	556
7	16	9
7	17	242
7	18	16
7	19	21
7	20	87
7	21	4
7	22	124
7	23	16
7	24	33
7	25	27
7	26	99
7	27	8
7	28	44
7	29	16
7	31	1
7	32	30
7	33	20
7	34	1
7	35	10
7	37	5
7	38	89
7	39	58
7	40	16
7	41	17
7	42	6
7	43	150
7	44	18
7	45	40
7	46	38
7	47	17
7	48	98
7	49	23
7	50	3
7	51	12
7	52	49
7	53	2
7	54	33
7	55	9
7	56	8
7	57	243
7	58	108
7	59	9
7	60	16
7	61	58
7	62	44
7	63	4
7	64	19
7	65	22
7	66	39
7	67	5
7	68	27
7	69	52
7	70	23
7	71	110
7	72	87
7	73	6
7	74	88
7	75	7
8	9	43
8	10	31
8	11	44
8	12	20
8	13	12
8	14	24
8	15	177
8	16	11
8	17	56
8	18	48
8	19	63
8	20	24
8	21	47
8	22	37
8	23	35
8	24	35
8	25	28
8	26	19
8	27	29
8	28	144
8	29	63
8	30	3
8	31	24
8	32	35
8	33	100
8	34	30
8	35	25
8	36	3
8	37	15
8	38	81
8	39	50
8	40	41
8	41	30
8	42	37
8	43	50
8	44	41
8	45	90
8	46	105
8	47	21
8	48	51
8	49	23
8	50	21
8	51	7
8	52	65
8	53	67
8	54	204
8	55	20
8	56	11
8	57	61
8	58	109
8	59	23
8	60	64
8	61	56
8	62	103
8	63	4
8	64	40
8	65	10
8	66	59
8	67	11
8	68	34
8	69	71
8	70	44
8	71	192
8	72	93
8	73	26
8	74	178
8	75	11
9	10	16
9	11	7
9	12	11
9	13	9
9	14	9
9	15	67
9	16	10
9	17	20
9	18	37
9	19	16
9	20	7
9	21	12
9	22	7
9	23	11
9	24	22
9	25	17
9	26	29
9	27	6
9	28	35
9	29	17
9	31	4
9	32	6
9	33	98
9	34	18
9	35	27
9	37	4
9	38	17
9	39	10
9	40	15
9	41	9
9	42	24
9	43	28
9	44	5
9	45	20
9	46	60
9	47	11
9	48	18
9	49	12
9	50	1
9	51	8
9	52	18
9	53	28
9	54	40
9	55	19
9	56	4
9	57	23
9	58	23
9	60	24
9	61	24
9	62	46
9	64	7
9	65	8
9	66	13
9	67	8
9	68	11
9	69	32
9	70	18
9	71	37
9	72	31
9	73	30
9	74	77
9	75	4
10	11	14
10	12	15
10	13	13
10	14	24
10	15	154
10	16	20
10	17	38
10	18	23
10	19	52
10	20	25
10	21	13
10	22	19
10	23	30
10	24	85
10	25	8
10	26	16
10	27	57
10	28	35
10	29	11
10	30	13
10	31	49
10	32	45
10	33	115
10	34	45
10	35	37
10	36	8
10	37	77
10	38	135
10	39	98
10	40	39
10	41	9
10	42	15
10	43	27
10	44	11
10	45	52
10	46	48
10	47	5
10	48	15
10	49	10
10	50	12
10	51	9
10	52	56
10	53	25
10	54	67
10	55	12
10	56	17
10	57	11
10	58	182
10	59	14
10	60	17
10	61	51
10	62	28
10	63	24
10	64	16
10	65	70
10	66	70
10	67	4
10	68	42
10	69	59
10	70	57
10	71	235
10	72	30
10	73	19
10	74	51
10	75	4
11	12	7
11	14	5
11	15	61
11	16	2
11	17	3
11	18	117
11	19	36
11	20	10
11	21	6
11	22	18
11	23	5
11	24	32
11	25	3
11	26	6
11	27	18
11	28	25
11	29	15
11	30	2
11	31	4
11	32	12
11	33	85
11	34	1
11	36	5
11	37	2
11	38	20
11	39	9
11	40	29
11	41	6
11	42	5
11	43	14
11	44	7
11	45	30
11	46	25
11	47	1
11	48	5
11	49	11
11	50	6
11	51	3
11	52	11
11	53	30
11	54	78
11	55	7
11	56	5
11	57	9
11	58	41
11	60	14
11	61	15
11	62	26
11	63	3
11	64	32
11	65	12
11	66	39
11	67	6
11	68	13
11	69	97
11	70	33
11	71	46
11	72	23
11	73	18
11	74	57
11	75	2
12	13	20
12	14	9
12	15	140
12	16	3
12	17	62
12	18	7
12	19	15
12	20	12
12	21	2
12	22	1
12	23	10
12	24	31
12	25	7
12	26	38
12	27	44
12	28	25
12	29	12
12	31	2
12	32	59
12	33	27
12	34	2
12	35	6
12	37	18
12	38	39
12	39	15
12	40	13
12	41	11
12	42	8
12	43	58
12	44	11
12	45	19
12	46	47
12	47	8
12	48	63
12	49	12
12	50	17
12	51	9
12	52	26
12	53	10
12	54	18
12	55	10
12	56	2
12	57	11
12	58	106
12	59	9
12	60	14
12	61	21
12	62	34
12	63	5
12	64	17
12	65	12
12	66	38
12	67	8
12	68	17
12	69	24
12	70	16
12	71	52
12	72	35
12	73	10
12	74	43
12	75	5
13	14	7
13	15	256
13	17	18
13	18	1
13	19	20
13	20	15
13	21	1
13	22	25
13	23	21
13	24	108
13	25	83
13	26	94
13	27	19
13	28	42
13	29	13
13	30	8
13	31	28
13	32	34
13	33	56
13	34	22
13	35	22
13	36	4
13	37	1
13	38	33
13	39	11
13	40	21
13	41	14
13	42	5
13	43	70
13	44	6
13	45	6
13	46	59
13	47	43
13	48	107
13	49	20
13	50	11
13	51	58
13	52	10
13	53	15
13	54	18
13	55	4
13	56	9
13	57	19
13	58	72
13	60	1
13	61	57
13	62	32
13	63	11
13	64	2
13	65	27
13	66	40
13	67	3
13	68	25
13	69	40
13	70	24
13	71	39
13	72	10
13	73	13
13	74	52
13	75	3
14	15	78
14	17	28
14	18	21
14	19	43
14	20	13
14	21	16
14	22	42
14	23	13
14	24	39
14	25	22
14	26	20
14	27	12
14	28	31
14	29	31
14	30	21
14	31	51
14	32	66
14	33	71
14	34	23
14	35	3
14	36	6
14	37	31
14	38	43
14	39	7
14	40	15
14	41	8
14	42	11
14	43	14
14	44	16
14	45	8
14	46	82
14	47	22
14	48	28
14	49	6
14	50	13
14	51	4
14	52	27
14	53	20
14	54	48
14	55	10
14	56	11
14	57	14
14	58	27
14	60	5
14	61	14
14	62	27
14	63	21
14	64	9
14	65	28
14	66	51
14	67	5
14	68	19
14	69	29
14	70	29
14	71	41
14	72	27
14	73	24
14	74	57
14	75	7
15	16	119
15	17	206
15	18	171
15	19	186
15	20	497
15	21	135
15	22	651
15	23	209
15	24	621
15	25	217
15	26	445
15	27	143
15	28	219
15	29	66
15	30	37
15	31	376
15	32	722
15	33	494
15	34	70
15	35	131
15	36	55
15	37	73
15	38	677
15	39	191
15	40	237
15	41	247
15	42	95
15	43	256
15	44	102
15	45	138
15	46	353
15	47	121
15	48	249
15	49	170
15	50	341
15	51	301
15	52	152
15	53	140
15	54	369
15	55	74
15	56	115
15	57	244
15	58	927
15	59	23
15	60	162
15	61	879
15	62	442
15	63	79
15	64	30
15	65	330
15	66	723
15	67	64
15	68	617
15	69	680
15	70	418
15	71	916
15	72	124
15	73	67
15	74	563
15	75	83
16	17	11
16	18	24
16	19	20
16	20	7
16	22	4
16	23	18
16	24	1
16	26	1
16	27	2
16	28	9
16	29	7
16	31	8
16	32	3
16	33	18
16	34	6
16	35	5
16	37	6
16	38	52
16	39	14
16	40	15
16	41	5
16	42	6
16	43	5
16	44	1
16	45	46
16	46	5
16	48	1
16	49	1
16	50	9
16	51	1
16	52	10
16	53	11
16	54	46
16	55	3
16	56	10
16	57	8
16	58	40
16	59	12
16	60	8
16	61	28
16	62	21
16	64	3
16	65	2
16	66	7
16	67	2
16	68	12
16	69	12
16	70	81
16	71	198
16	72	4
16	73	10
16	74	44
16	75	2
17	18	6
17	19	57
17	20	31
17	21	16
17	22	44
17	23	43
17	24	28
17	25	21
17	26	47
17	27	8
17	28	68
17	29	21
17	30	3
17	31	26
17	32	33
17	33	112
17	34	9
17	35	16
17	36	2
17	37	61
17	38	126
17	39	62
17	40	39
17	41	9
17	42	13
17	43	95
17	44	19
17	45	62
17	46	57
17	47	2
17	48	49
17	49	19
17	50	10
17	51	11
17	52	21
17	53	45
17	54	85
17	55	18
17	56	3
17	57	103
17	58	91
17	59	24
17	60	24
17	61	60
17	62	26
17	63	13
17	64	19
17	65	16
17	66	98
17	67	2
17	68	24
17	69	32
17	70	43
17	71	303
17	72	86
17	73	36
17	74	60
17	75	12
18	19	43
18	20	20
18	21	8
18	22	33
18	23	15
18	24	22
18	25	9
18	26	29
18	27	35
18	28	66
18	29	33
18	30	1
18	31	8
18	32	10
18	33	107
18	34	7
18	35	19
18	36	2
18	37	8
18	38	70
18	39	23
18	40	51
18	41	10
18	42	23
18	43	30
18	45	7
18	46	187
18	47	6
18	48	22
18	49	10
18	50	10
18	51	7
18	52	7
18	53	35
18	54	127
18	55	36
18	56	27
18	57	12
18	58	64
18	59	3
18	60	56
18	61	44
18	62	155
18	63	2
18	64	17
18	65	7
18	66	10
18	67	3
18	68	65
18	69	166
18	70	29
18	71	72
18	72	47
18	73	48
18	74	160
18	75	8
19	20	42
19	21	21
19	22	31
19	23	102
19	24	43
19	25	9
19	26	11
19	27	38
19	28	90
19	29	51
19	30	2
19	31	98
19	32	56
19	33	255
19	34	6
19	35	12
19	36	6
19	37	74
19	38	170
19	39	101
19	40	147
19	41	15
19	42	36
19	43	29
19	44	62
19	45	128
19	46	62
19	47	109
19	48	93
19	49	10
19	50	47
19	51	8
19	52	135
19	53	139
19	54	207
19	55	12
19	56	16
19	57	21
19	58	202
19	59	104
19	60	23
19	61	104
19	62	74
19	63	12
19	64	12
19	65	24
19	66	123
19	67	15
19	68	37
19	69	86
19	70	142
19	71	418
19	72	56
19	73	72
19	74	113
19	75	16
20	21	25
20	22	85
20	23	44
20	24	103
20	25	42
20	26	53
20	27	18
20	28	18
20	29	12
20	30	3
20	31	42
20	32	105
20	33	100
20	34	1
20	35	5
20	36	7
20	37	22
20	38	105
20	39	62
20	40	53
20	41	30
20	42	20
20	43	19
20	44	23
20	45	21
20	46	48
20	47	10
20	48	20
20	49	26
20	50	59
20	51	35
20	52	19
20	53	22
20	54	54
20	55	4
20	56	20
20	57	59
20	58	110
20	59	3
20	60	31
20	61	109
20	62	52
20	63	13
20	64	7
20	65	52
20	66	162
20	67	17
20	68	92
20	69	91
20	70	68
20	71	163
20	72	17
20	73	24
20	74	79
20	75	10
21	22	6
21	23	19
21	24	18
21	25	9
21	26	16
21	27	4
21	28	31
21	29	18
21	30	9
21	31	30
21	32	21
21	33	34
21	34	24
21	35	18
21	36	2
21	37	29
21	38	24
21	39	29
21	40	17
21	41	7
21	42	16
21	43	17
21	44	22
21	45	19
21	46	29
21	47	1
21	48	6
21	49	8
21	50	12
21	51	8
21	52	13
21	53	31
21	54	127
21	55	13
21	56	8
21	57	11
21	58	65
21	59	2
21	60	22
21	61	16
21	62	42
21	63	2
21	64	1
21	65	13
21	66	45
21	67	5
21	68	13
21	69	12
21	70	17
21	71	65
21	72	23
21	73	11
21	74	66
21	75	5
22	23	58
22	24	231
22	25	46
22	26	63
22	27	9
22	28	28
22	29	9
22	30	40
22	31	169
22	32	206
22	33	105
22	34	9
22	35	12
22	36	36
22	37	50
22	38	150
22	39	30
22	40	80
22	41	40
22	42	13
22	43	6
22	44	28
22	45	31
22	46	57
22	47	4
22	48	16
22	49	17
22	50	106
22	51	49
22	52	32
22	53	33
22	54	30
22	55	24
22	56	49
22	57	61
22	58	155
22	59	21
22	60	13
22	61	191
22	62	22
22	63	37
22	64	10
22	65	129
22	66	266
22	67	8
22	68	158
22	69	209
22	70	90
22	71	231
22	72	36
22	73	44
22	74	35
22	75	7
23	24	79
23	25	30
23	26	47
23	27	11
23	28	35
23	29	26
23	30	4
23	31	57
23	32	25
23	33	68
23	34	24
23	35	14
23	36	6
23	37	48
23	38	148
23	39	78
23	40	63
23	41	17
23	42	15
23	43	32
23	44	14
23	45	54
23	46	55
23	47	29
23	48	61
23	49	23
23	50	30
23	51	37
23	52	50
23	53	57
23	54	89
23	55	19
23	56	22
23	57	15
23	58	195
23	59	72
23	60	17
23	61	70
23	62	55
23	63	9
23	64	15
23	65	65
23	66	75
23	67	11
23	68	38
23	69	49
23	70	48
23	71	287
23	72	45
23	73	25
23	74	68
23	75	10
24	25	130
24	26	193
24	27	104
24	28	55
24	29	13
24	30	41
24	31	326
24	32	196
24	33	154
24	34	73
24	35	29
24	36	87
24	37	59
24	38	153
24	39	65
24	40	201
24	41	56
24	42	7
24	43	44
24	44	28
24	45	37
24	46	157
24	47	37
24	48	98
24	49	44
24	50	78
24	51	87
24	52	77
24	53	44
24	54	83
24	55	20
24	56	60
24	57	61
24	58	277
24	59	3
24	60	7
24	61	192
24	62	57
24	63	87
24	64	17
24	65	372
24	66	714
24	67	4
24	68	121
24	69	206
24	70	94
24	71	313
24	72	33
24	73	34
24	74	71
24	75	9
25	26	179
25	27	30
25	28	62
25	29	25
25	30	12
25	31	36
25	32	27
25	33	9
25	34	17
25	35	5
25	36	15
25	37	4
25	38	46
25	39	13
25	40	17
25	41	29
25	42	7
25	43	105
25	44	7
25	45	13
25	46	109
25	47	60
25	48	133
25	49	30
25	50	27
25	51	81
25	52	9
25	53	5
25	54	26
25	55	5
25	56	5
25	57	36
25	58	64
25	59	2
25	60	14
25	61	58
25	62	18
25	63	25
25	64	7
25	65	38
25	66	52
25	67	2
25	68	32
25	69	42
25	70	15
25	71	60
25	72	13
25	73	6
25	74	58
25	75	3
26	27	24
26	28	62
26	29	29
26	30	10
26	31	66
26	32	33
26	33	70
26	34	19
26	35	13
26	36	10
26	37	1
26	38	71
26	39	25
26	40	35
26	41	37
26	42	16
26	43	156
26	44	13
26	45	18
26	46	164
26	47	59
26	48	112
26	49	46
26	50	15
26	51	106
26	52	30
26	53	21
26	54	46
26	55	21
26	56	8
26	57	74
26	58	145
26	60	22
26	61	131
26	62	88
26	63	23
26	64	6
26	65	58
26	66	101
26	67	8
26	68	32
26	69	75
26	70	18
26	71	57
26	72	19
26	73	21
26	74	116
26	75	10
27	28	42
27	29	10
27	30	39
27	31	114
27	32	92
27	33	35
27	34	22
27	35	8
27	36	24
27	37	44
27	38	90
27	39	55
27	40	34
27	41	5
27	42	9
27	43	27
27	44	14
27	45	21
27	46	57
27	47	33
27	48	68
27	49	3
27	50	23
27	51	13
27	52	43
27	53	20
27	54	69
27	55	6
27	56	9
27	57	22
27	58	189
27	59	3
27	60	11
27	61	15
27	62	25
27	63	22
27	64	77
27	65	30
27	66	71
27	67	2
27	68	29
27	69	68
27	70	44
27	71	119
27	72	31
27	73	8
27	74	33
27	75	3
28	29	71
28	30	5
28	31	13
28	32	15
28	33	67
28	34	23
28	35	36
28	36	7
28	37	11
28	38	70
28	39	23
28	40	27
28	41	24
28	42	31
28	43	110
28	44	44
28	45	47
28	46	146
28	47	87
28	48	144
28	49	43
28	50	19
28	51	17
28	52	113
28	53	35
28	54	149
28	55	33
28	56	16
28	57	53
28	58	103
28	59	11
28	60	59
28	61	60
28	62	74
28	63	3
28	64	23
28	65	15
28	66	71
28	67	33
28	68	34
28	69	46
28	70	24
28	71	94
28	72	89
28	73	36
28	74	234
28	75	24
29	30	1
29	31	6
29	32	7
29	33	90
29	34	3
29	35	2
29	36	3
29	37	10
29	38	40
29	39	23
29	40	14
29	41	12
29	42	21
29	43	38
29	44	17
29	45	19
29	46	51
29	47	30
29	48	68
29	49	13
29	50	8
29	51	4
29	52	41
29	53	42
29	54	77
29	55	18
29	56	10
29	57	21
29	58	40
29	59	20
29	60	17
29	61	31
29	62	61
29	63	1
29	64	6
29	65	7
29	66	22
29	67	13
29	68	13
29	69	30
29	70	19
29	71	74
29	72	35
29	73	21
29	74	111
29	75	11
30	31	88
30	32	42
30	33	3
30	34	4
30	35	4
30	36	9
30	37	10
30	38	12
30	39	14
30	40	16
30	41	10
30	42	1
30	43	1
30	45	1
30	46	35
30	48	3
30	49	1
30	50	1
30	51	4
30	52	5
30	53	1
30	54	8
30	55	2
30	56	9
30	57	3
30	58	19
30	61	8
30	62	4
30	63	16
30	64	2
30	65	25
30	66	28
30	68	3
30	69	36
30	70	3
30	71	27
30	72	2
30	74	1
30	75	1
31	32	424
31	33	150
31	34	63
31	35	34
31	36	81
31	37	126
31	38	185
31	39	133
31	40	205
31	41	15
31	42	30
31	43	11
31	44	30
31	45	59
31	46	49
31	48	3
31	49	12
31	50	45
31	51	20
31	52	70
31	53	94
31	54	224
31	55	22
31	56	63
31	57	45
31	58	201
31	59	10
31	60	4
31	61	167
31	62	35
31	63	57
31	64	18
31	65	152
31	66	413
31	67	11
31	68	33
31	69	248
31	70	62
31	71	394
31	72	29
31	73	17
31	74	14
31	75	9
32	33	43
32	34	14
32	35	11
32	36	23
32	37	152
32	38	188
32	39	62
32	40	85
32	41	62
32	42	7
32	43	27
32	44	44
32	45	30
32	46	48
32	47	1
32	48	23
32	49	8
32	50	173
32	51	16
32	52	74
32	53	40
32	54	83
32	55	10
32	56	35
32	57	34
32	58	253
32	59	1
32	60	18
32	61	150
32	62	32
32	63	67
32	64	48
32	65	89
32	66	225
32	68	253
32	69	241
32	70	137
32	71	356
32	72	37
32	73	31
32	74	48
32	75	1
33	34	102
33	35	93
33	36	28
33	37	58
33	38	165
33	39	93
33	40	363
33	41	14
33	42	183
33	43	31
33	44	6
33	45	127
33	46	46
33	48	16
33	49	18
33	50	41
33	51	10
33	52	67
33	53	563
33	54	363
33	55	126
33	56	46
33	57	107
33	58	290
33	59	98
33	60	10
33	61	158
33	62	85
33	63	6
33	64	67
33	65	98
33	66	266
33	67	154
33	68	77
33	69	457
33	70	305
33	71	603
33	72	88
33	73	499
33	74	112
33	75	14
34	35	86
34	36	49
34	37	24
34	38	42
34	39	13
34	40	18
34	41	5
34	42	5
34	44	2
34	45	26
34	46	66
34	48	3
34	49	2
34	50	6
34	51	2
34	52	17
34	53	10
34	54	15
34	56	6
34	57	13
34	58	36
34	60	2
34	61	10
34	62	3
34	63	12
34	65	38
34	66	184
34	67	1
34	68	2
34	69	46
34	70	21
34	71	64
34	72	10
34	73	2
34	74	21
34	75	4
35	36	2
35	37	16
35	38	29
35	39	8
35	40	15
35	41	8
35	42	14
35	43	10
35	44	2
35	45	33
35	46	39
35	48	10
35	49	3
35	50	2
35	51	5
35	52	14
35	53	12
35	54	12
35	55	6
35	56	5
35	57	4
35	58	37
35	61	34
35	62	24
35	63	2
35	64	4
35	65	10
35	66	19
35	67	2
35	68	9
35	69	21
35	70	34
35	71	39
35	72	6
35	73	23
35	74	12
35	75	9
36	37	8
36	38	20
36	39	19
36	40	33
36	41	5
36	42	2
36	43	2
36	44	1
36	45	6
36	46	13
36	48	4
36	49	5
36	50	5
36	51	4
36	52	14
36	53	15
36	54	14
36	55	6
36	56	10
36	57	4
36	58	22
36	61	27
36	62	2
36	63	29
36	64	1
36	65	49
36	66	114
36	68	3
36	69	53
36	70	9
36	71	52
36	72	4
36	73	14
36	74	2
36	75	1
37	38	90
37	39	39
37	40	81
37	41	10
37	42	2
37	43	8
37	44	15
37	45	56
37	46	24
37	47	2
37	48	3
37	49	8
37	50	39
37	51	6
37	52	51
37	53	27
37	54	88
37	55	16
37	56	30
37	57	9
37	58	275
37	59	26
37	60	6
37	61	45
37	62	15
37	63	27
37	64	17
37	65	32
37	66	121
37	68	11
37	69	52
37	70	77
37	71	395
37	72	82
37	73	4
37	74	18
37	75	12
38	39	254
38	40	155
38	41	31
38	42	29
38	43	70
38	44	21
38	45	82
38	46	70
38	47	26
38	48	63
38	49	52
38	50	159
38	51	59
38	52	178
38	53	54
38	54	210
38	55	27
38	56	63
38	57	55
38	58	784
38	59	107
38	60	51
38	61	231
38	62	106
38	63	51
38	64	101
38	65	67
38	66	160
38	67	32
38	68	130
38	69	204
38	70	156
38	71	902
38	72	50
38	73	51
38	74	147
38	75	24
39	40	124
39	41	8
39	42	27
39	43	46
39	44	17
39	45	50
39	46	36
39	47	10
39	48	25
39	49	12
39	50	14
39	51	14
39	52	118
39	53	127
39	54	151
39	55	15
39	56	30
39	57	31
39	58	290
39	59	42
39	60	12
39	61	86
39	62	48
39	63	42
39	64	36
39	65	93
39	66	118
39	67	12
39	68	25
39	69	58
39	70	60
39	71	560
39	72	28
39	73	35
39	74	88
39	75	4
40	41	12
40	42	29
40	43	27
40	44	9
40	45	77
40	46	31
40	47	17
40	48	29
40	49	14
40	50	23
40	51	21
40	52	35
40	53	86
40	54	149
40	55	15
40	56	26
40	57	24
40	58	220
40	59	43
40	60	13
40	61	111
40	62	31
40	63	26
40	64	19
40	65	122
40	66	317
40	67	10
40	68	42
40	69	157
40	70	97
40	71	455
40	72	14
40	73	86
40	74	42
40	75	16
41	42	9
41	43	16
41	44	9
41	45	16
41	46	30
41	47	4
41	48	35
41	49	15
41	50	34
41	51	20
41	52	3
41	53	3
41	54	20
41	55	7
41	56	7
41	57	21
41	58	66
41	60	13
41	61	59
41	62	25
41	63	8
41	64	2
41	65	42
41	66	61
41	67	12
41	68	58
41	69	49
41	70	34
41	71	59
41	72	15
41	73	10
41	74	36
41	75	8
42	43	17
42	44	17
42	45	41
42	46	35
42	47	11
42	48	17
42	49	2
42	50	4
42	51	8
42	52	33
42	53	50
42	54	67
42	55	21
42	56	6
42	57	18
42	58	65
42	59	1
42	60	14
42	61	41
42	62	47
42	63	2
42	64	9
42	65	4
42	66	32
42	67	19
42	68	12
42	69	37
42	70	21
42	71	63
42	72	23
42	73	53
42	74	63
42	75	6
43	44	18
43	45	19
43	46	71
43	47	54
43	48	150
43	49	57
43	50	14
43	51	41
43	52	26
43	53	17
43	54	44
43	55	27
43	56	1
43	57	77
43	58	98
43	60	62
43	61	78
43	62	77
43	63	4
43	64	25
43	65	19
43	66	45
43	67	12
43	68	33
43	69	54
43	70	15
43	71	75
43	72	51
43	73	24
43	74	153
43	75	32
44	45	28
44	46	53
44	47	59
44	48	54
44	49	5
44	50	27
44	51	2
44	52	50
44	53	1
44	54	46
44	55	7
44	56	19
44	57	16
44	58	29
44	60	8
44	61	22
44	62	8
44	63	7
44	64	3
44	65	13
44	66	70
44	67	2
44	68	40
44	69	31
44	70	32
44	71	83
44	72	54
44	73	10
44	74	45
44	75	6
45	46	33
45	47	16
45	48	39
45	49	10
45	50	15
45	51	10
45	52	61
45	53	15
45	54	133
45	55	16
45	56	19
45	57	38
45	58	130
45	59	21
45	60	9
45	61	50
45	62	29
45	63	13
45	64	18
45	65	52
45	66	108
45	67	6
45	68	22
45	69	59
45	70	142
45	71	383
45	72	72
45	73	52
45	74	54
45	75	16
46	47	126
46	48	199
46	49	27
46	50	33
46	51	45
46	52	84
46	53	31
46	54	86
46	55	37
46	56	17
46	57	57
46	58	100
46	60	30
46	61	32
46	62	159
46	63	26
46	64	26
46	65	63
46	66	120
46	67	13
46	68	74
46	69	57
46	70	37
46	71	115
46	72	104
46	73	15
46	74	256
46	75	23
47	48	179
47	49	28
47	50	8
47	51	41
47	52	115
47	53	3
47	54	8
47	55	7
47	56	2
47	57	11
47	58	52
47	60	13
47	61	4
47	62	31
47	63	1
47	64	2
47	65	6
47	66	31
47	67	7
47	68	15
47	69	4
47	70	20
47	71	41
47	72	32
47	73	1
47	74	93
47	75	11
48	49	44
48	50	32
48	51	57
48	52	85
48	53	3
48	54	42
48	55	14
48	56	7
48	57	33
48	58	146
48	59	13
48	60	39
48	61	46
48	62	50
48	63	4
48	64	22
48	65	32
48	66	73
48	67	8
48	68	96
48	69	34
48	70	31
48	71	124
48	72	100
48	73	12
48	74	138
48	75	12
49	50	10
49	51	41
49	52	7
49	53	6
49	54	15
49	55	7
49	56	7
49	57	48
49	58	30
49	60	55
49	61	54
49	62	37
49	63	2
49	65	16
49	66	65
49	67	10
49	68	15
49	69	25
49	70	10
49	71	30
49	72	19
49	73	9
49	74	69
49	75	9
50	51	14
50	52	12
50	53	16
50	54	25
50	55	12
50	56	20
50	57	19
50	58	73
50	59	10
50	60	14
50	61	59
50	62	11
50	63	11
50	64	66
50	65	30
50	66	129
50	67	1
50	68	180
50	69	137
50	70	71
50	71	234
50	72	59
50	73	3
50	74	24
50	75	3
51	52	3
51	53	4
51	54	12
51	55	3
51	56	8
51	57	15
51	58	105
51	60	5
51	61	116
51	62	25
51	63	9
51	65	24
51	66	57
51	67	2
51	68	29
51	69	31
51	70	14
51	71	50
51	72	5
51	73	2
51	74	30
51	75	1
52	53	36
52	54	42
52	55	36
52	56	44
52	57	17
52	58	426
52	59	5
52	60	13
52	61	91
52	62	154
52	63	13
52	64	106
52	65	30
52	66	94
52	67	44
52	68	14
52	69	51
52	70	65
52	71	294
52	72	100
52	73	21
52	74	126
52	75	14
53	54	241
53	55	39
53	56	29
53	57	28
53	58	76
53	59	86
53	60	9
53	61	80
53	62	84
53	63	7
53	64	21
53	65	23
53	66	65
53	67	26
53	68	28
53	69	136
53	70	89
53	71	165
53	72	42
53	73	112
53	74	84
53	75	6
54	55	28
54	56	41
54	57	54
54	58	272
54	59	69
54	60	59
54	61	112
54	62	157
54	63	25
54	64	23
54	65	38
54	66	139
54	67	36
54	68	26
54	69	141
54	70	110
54	71	603
54	72	116
54	73	101
54	74	291
54	75	15
55	56	6
55	57	17
55	58	51
55	59	7
55	60	9
55	61	19
55	62	41
55	63	4
55	64	9
55	65	7
55	66	31
55	67	22
55	68	7
55	69	30
55	70	18
55	71	36
55	72	24
55	73	32
55	74	64
55	75	9
56	57	7
56	58	72
56	59	7
56	60	6
56	61	52
56	62	25
56	63	15
56	64	18
56	65	71
56	66	65
56	68	39
56	69	61
56	70	24
56	71	89
56	72	20
56	73	8
56	74	22
56	75	10
57	58	38
57	59	2
57	60	45
57	61	36
57	62	40
57	63	12
57	64	9
57	65	20
57	66	97
57	67	31
57	68	21
57	69	38
57	70	30
57	71	63
57	72	71
57	73	36
57	74	62
57	75	5
58	59	254
58	60	24
58	61	327
58	62	182
58	63	70
58	64	98
58	65	102
58	66	219
58	67	93
58	68	129
58	69	279
58	70	148
58	71	1405
58	72	86
58	73	85
58	74	123
58	75	26
59	60	1
59	61	19
59	62	7
59	63	8
59	65	2
59	66	10
59	68	5
59	69	41
59	70	43
59	71	383
59	72	4
59	73	6
59	74	9
59	75	2
60	61	34
60	62	101
60	63	3
60	64	8
60	65	8
60	66	41
60	67	11
60	68	24
60	69	36
60	70	16
60	71	30
60	72	35
60	73	27
60	74	145
60	75	7
61	62	96
61	63	21
61	64	28
61	65	93
61	66	233
61	67	23
61	68	137
61	69	158
61	70	100
61	71	395
61	72	20
61	73	79
61	74	95
61	75	39
62	63	2
62	64	39
62	65	33
62	66	61
62	67	42
62	68	54
62	69	86
62	70	47
62	71	116
62	72	86
62	73	30
62	74	303
62	75	15
63	64	3
63	65	53
63	66	87
63	67	2
63	68	14
63	69	43
63	70	13
63	71	75
63	72	15
63	73	4
63	74	3
63	75	3
64	65	9
64	66	17
64	67	17
64	68	22
64	69	31
64	70	15
64	71	72
64	72	21
64	73	22
64	74	27
64	75	2
65	66	371
65	67	1
65	68	69
65	69	99
65	70	79
65	71	180
65	72	10
65	73	17
65	74	40
65	75	4
66	67	51
66	68	185
66	69	252
66	70	156
66	71	428
66	72	99
66	73	82
66	74	96
66	75	16
67	68	1
67	69	34
67	70	9
67	71	13
67	72	7
67	73	33
67	74	27
67	75	2
68	69	174
68	70	110
68	71	199
68	72	91
68	73	12
68	74	64
68	75	1
69	70	176
69	71	353
69	72	31
69	73	89
69	74	109
69	75	8
70	71	417
70	72	20
70	73	67
70	74	70
70	75	12
71	72	134
71	73	99
71	74	150
71	75	52
72	73	24
72	74	95
72	75	9
73	74	38
73	75	4
74	75	50
