1	3	1
1	4	1
1	6	1
1	16	4
1	17	3
1	20	2
1	26	3
1	33	3
1	55	1
1	66	6
1	70	1
1	74	3
1	78	1
2	3	2
2	7	3
2	8	19
2	9	2
2	10	1
2	11	3
2	12	2
2	13	5
2	14	2
2	16	3
2	23	3
2	32	2
2	33	2
2	38	1
2	39	1
2	43	4
2	47	1
2	48	2
2	49	4
2	51	3
2	53	4
2	54	6
2	56	1
2	59	1
2	68	6
2	69	4
2	70	2
2	71	2
2	73	1
2	74	1
2	76	3
2	77	3
3	4	1
3	11	6
3	20	2
3	38	2
3	47	2
3	51	2
3	74	2
3	78	1
4	6	1
4	10	1
4	14	3
4	20	4
4	21	1
4	22	1
4	24	8
4	26	6
4	28	8
4	29	6
4	31	3
4	36	1
4	37	4
4	44	1
4	46	2
4	47	7
4	55	12
4	56	58
4	64	10
4	65	1
4	70	1
4	71	1
4	74	12
4	76	3
4	78	1
5	14	5
5	28	2
5	31	1
5	32	5
5	35	6
5	36	3
5	47	4
5	51	1
5	64	7
5	72	10
5	74	2
6	16	4
6	21	1
6	24	1
6	31	2
6	34	1
6	36	1
6	37	4
6	55	1
6	56	1
6	59	3
6	60	7
6	70	1
6	74	2
6	76	3
7	8	18
7	12	1
7	13	2
7	14	1
7	16	1
7	22	1
7	23	3
7	29	1
7	32	2
7	33	1
7	39	1
7	43	2
7	47	2
7	48	1
7	49	2
7	51	1
7	53	4
7	54	3
7	59	1
7	68	3
7	69	4
7	70	2
7	71	1
7	73	1
7	76	2
7	77	2
8	9	1
8	12	3
8	13	6
8	14	2
8	16	2
8	22	1
8	23	31
8	26	2
8	29	1
8	31	2
8	32	32
8	33	2
8	36	2
8	39	15
8	43	4
8	47	2
8	48	2
8	49	4
8	51	5
8	53	60
8	54	47
8	59	15
8	68	6
8	69	63
8	70	3
8	71	2
8	73	15
8	76	17
8	77	17
8	78	1
9	10	2
9	12	1
9	13	10
9	16	2
9	23	8
9	26	2
9	38	6
9	51	1
9	54	6
9	56	2
9	69	1
9	78	1
10	13	1
10	16	1
10	23	1
10	46	2
10	47	1
10	52	2
10	54	5
10	56	1
10	64	2
10	70	1
10	74	1
11	38	3
11	47	3
11	51	3
11	74	3
12	13	4
12	14	1
12	16	3
12	17	1
12	23	1
12	24	2
12	25	4
12	26	2
12	27	3
12	32	3
12	33	3
12	39	2
12	41	10
12	42	7
12	43	6
12	44	2
12	48	1
12	49	3
12	51	2
12	54	2
12	59	3
12	66	3
12	67	3
12	68	3
12	69	3
12	70	1
12	71	3
12	73	1
12	76	1
12	77	10
12	78	1
13	14	2
13	16	3
13	23	5
13	26	4
13	33	2
13	38	4
13	43	4
13	48	2
13	49	4
13	51	4
13	54	3
13	56	1
13	68	6
13	69	2
13	70	2
13	71	2
13	76	2
13	77	2
13	78	2
14	16	7
14	18	12
14	19	9
14	22	3
14	26	3
14	28	4
14	29	2
14	31	2
14	32	5
14	33	1
14	35	2
14	36	2
14	43	3
14	46	3
14	47	3
14	48	1
14	49	2
14	51	4
14	56	33
14	61	3
14	64	7
14	65	3
14	68	3
14	70	4
14	71	1
14	72	5
14	74	4
14	76	1
14	77	1
15	22	3
15	38	3
15	51	3
15	52	3
15	71	3
16	17	1
16	18	9
16	19	6
16	20	1
16	23	2
16	24	1
16	26	11
16	27	1
16	31	1
16	32	1
16	33	2
16	40	1
16	42	3
16	43	4
16	44	1
16	46	2
16	47	1
16	48	3
16	49	2
16	50	1
16	51	1
16	54	5
16	55	4
16	56	4
16	64	2
16	66	3
16	68	3
16	69	2
16	70	7
16	71	2
16	73	1
16	75	3
16	76	1
16	77	1
17	21	3
17	23	2
17	26	1
17	27	1
17	30	8
17	31	3
17	32	1
17	33	1
17	38	1
17	39	2
17	40	1
17	41	10
17	42	7
17	47	1
17	48	2
17	49	1
17	50	1
17	54	1
17	56	1
17	59	2
17	63	4
17	66	5
17	67	3
17	70	2
17	73	1
17	74	3
17	77	9
18	19	12
18	26	10
18	46	4
18	56	4
18	64	4
18	66	1
18	70	4
18	73	1
19	26	3
19	46	3
19	56	3
19	64	3
19	70	3
20	22	1
20	24	3
20	26	3
20	28	3
20	31	1
20	34	3
20	37	1
20	42	1
20	45	2
20	55	2
20	58	3
20	64	5
20	65	3
20	66	3
20	69	1
20	70	2
20	73	3
20	75	3
20	78	2
21	22	2
21	30	18
21	31	11
21	32	3
21	36	1
21	37	4
21	62	4
21	66	2
21	70	8
21	74	4
21	76	3
21	78	3
22	23	1
22	27	14
22	28	1
22	29	2
22	34	3
22	36	7
22	37	1
22	38	1
22	45	3
22	47	2
22	51	1
22	52	1
22	55	1
22	56	10
22	57	10
22	58	3
22	62	8
22	64	5
22	65	8
22	66	6
22	69	7
22	70	11
22	71	1
22	78	6
23	27	1
23	29	1
23	32	4
23	38	4
23	39	4
23	40	1
23	41	10
23	42	7
23	47	3
23	48	2
23	49	1
23	50	1
23	53	8
23	54	10
23	56	1
23	59	4
23	66	3
23	67	3
23	69	8
23	70	1
23	73	3
23	76	2
23	77	11
24	26	10
24	27	1
24	28	9
24	32	1
24	33	1
24	34	1
24	42	1
24	43	2
24	44	3
24	54	1
24	56	1
24	59	3
24	60	7
24	64	8
24	69	1
24	71	3
24	74	5
25	32	4
25	59	4
26	28	2
26	31	3
26	33	1
26	44	5
26	46	1
26	51	2
26	56	1
26	64	9
26	66	14
26	69	5
26	70	1
26	71	5
26	73	6
26	74	13
26	75	9
26	78	2
27	32	1
27	33	1
27	36	2
27	39	2
27	41	10
27	42	6
27	43	2
27	44	2
27	49	2
27	54	1
27	59	2
27	66	3
27	67	3
27	69	3
27	71	1
27	73	1
27	74	3
27	77	9
28	29	1
28	31	4
28	32	4
28	35	4
28	37	1
28	45	1
28	47	2
28	51	2
28	57	10
28	64	20
28	65	5
28	66	1
28	70	5
28	72	2
28	74	12
29	36	2
29	37	1
29	43	2
29	45	1
29	47	3
29	51	2
29	55	2
29	56	8
29	57	10
29	61	6
29	64	4
29	65	5
29	66	1
29	70	6
29	74	1
30	31	18
30	32	6
30	38	2
30	56	2
30	63	8
30	70	12
30	74	8
31	32	6
31	35	2
31	36	3
31	37	8
31	47	1
31	51	2
31	54	1
31	56	8
31	64	2
31	66	2
31	69	4
31	70	6
31	72	1
31	74	9
31	75	3
31	76	6
32	33	1
32	35	2
32	36	2
32	39	2
32	42	1
32	43	2
32	44	1
32	47	3
32	51	3
32	53	8
32	54	8
32	59	3
32	64	4
32	69	10
32	70	2
32	71	1
32	72	5
32	73	2
32	74	5
32	76	2
32	77	2
33	42	1
33	43	4
33	44	1
33	48	1
33	49	2
33	51	1
33	54	1
33	66	2
33	68	3
33	69	1
33	70	1
33	71	2
33	74	1
33	76	1
33	77	1
34	45	6
34	55	3
34	56	1
34	58	9
34	59	3
34	60	7
34	64	3
34	65	6
34	66	3
34	70	3
34	74	1
35	36	2
35	47	2
35	64	6
35	72	6
35	74	4
36	37	4
36	43	1
36	47	1
36	51	2
36	54	1
36	61	3
36	64	2
36	69	2
36	72	3
36	74	1
36	76	3
37	42	1
37	45	1
37	55	1
37	57	10
37	64	6
37	65	6
37	66	1
37	70	5
37	74	4
37	76	12
38	47	1
38	51	2
38	52	1
38	56	1
38	63	4
38	71	1
38	74	2
39	41	20
39	42	10
39	49	2
39	53	4
39	54	3
39	59	5
39	66	6
39	67	6
39	69	4
39	73	3
39	76	1
39	77	19
40	42	5
40	47	2
40	48	5
40	50	9
40	54	4
40	55	1
40	70	1
41	42	50
41	49	10
41	59	20
41	66	30
41	67	30
41	73	10
41	77	90
42	43	2
42	44	1
42	47	3
42	48	6
42	49	5
42	50	8
42	54	6
42	55	2
42	59	10
42	64	2
42	65	1
42	66	15
42	67	15
42	69	1
42	70	1
42	71	1
42	73	5
42	77	45
43	44	2
43	48	2
43	49	4
43	51	3
43	54	2
43	61	3
43	68	6
43	69	2
43	70	2
43	71	4
43	76	2
43	77	2
44	49	1
44	52	1
44	54	1
44	56	2
44	64	4
44	69	2
44	71	2
44	74	5
45	55	2
45	57	10
45	58	6
45	64	6
45	65	9
45	66	3
45	70	7
46	47	2
46	56	1
46	64	5
46	70	3
46	74	2
47	48	3
47	50	5
47	51	2
47	54	4
47	55	3
47	56	8
47	64	5
47	70	4
47	72	4
47	74	5
48	49	2
48	50	8
48	51	1
48	54	5
48	55	1
48	68	3
48	70	2
48	71	1
48	76	1
48	77	1
49	51	2
49	59	2
49	66	3
49	67	3
49	68	6
49	70	2
49	71	2
49	73	1
49	74	3
49	76	2
49	77	11
50	54	13
50	55	4
50	70	4
51	52	1
51	54	1
51	61	3
51	64	1
51	68	3
51	69	2
51	70	1
51	71	2
51	72	1
51	74	3
51	76	1
51	77	1
51	78	1
52	54	4
52	56	2
52	64	3
52	69	1
52	71	1
53	54	12
53	59	4
53	69	16
53	73	4
53	76	4
53	77	4
54	55	3
54	56	3
54	59	3
54	69	14
54	70	3
54	71	1
54	73	3
54	76	3
54	77	3
55	56	16
55	58	3
55	64	3
55	65	3
55	66	1
55	70	3
55	74	2
56	59	3
56	60	7
56	63	4
56	64	7
56	65	10
56	69	6
56	70	1
56	74	10
57	64	40
57	65	50
57	66	10
57	70	50
58	64	3
58	65	6
58	66	3
58	70	3
59	60	21
59	66	6
59	67	6
59	69	4
59	73	3
59	74	3
59	76	1
59	77	19
60	74	7
62	66	8
62	70	8
62	78	12
63	74	4
64	65	24
64	66	5
64	69	3
64	70	24
64	71	1
64	72	7
64	74	14
65	66	7
65	70	27
66	67	9
66	69	2
66	70	10
66	73	4
66	74	2
66	75	6
66	77	27
66	78	6
67	73	3
67	77	27
68	70	3
68	71	3
68	76	3
68	77	3
69	71	1
69	73	4
69	75	3
69	76	4
69	77	4
69	78	1
70	71	1
70	74	3
70	76	1
70	77	1
70	78	6
71	74	2
71	76	1
71	77	1
72	74	2
73	76	1
73	77	10
74	76	3
76	77	2
