1	3	19
1	4	8
1	5	9
1	7	13
1	8	10
1	9	2
1	10	16
1	11	9
1	12	15
1	13	5
1	14	1
1	15	5
1	16	4
1	17	27
1	18	30
1	19	46
1	20	5
1	21	6
1	22	1
1	23	42
1	24	5
1	25	26
1	26	10
1	27	21
1	28	13
1	29	15
1	31	14
1	32	10
1	33	23
1	34	21
1	35	19
1	36	10
1	38	10
1	39	7
1	40	1
1	41	15
1	43	2
1	44	149
1	45	41
1	46	6
1	47	13
1	48	36
1	49	19
1	50	6
1	51	18
1	53	6
1	55	8
1	57	11
1	58	34
1	59	28
1	60	15
1	61	2
1	62	12
1	63	2
1	64	2
1	65	4
1	66	1
1	67	4
1	68	30
1	69	1
1	70	85
1	71	4
1	72	3
1	73	5
1	74	1
1	75	64
1	76	12
1	77	5
1	78	9
1	79	41
1	80	11
1	81	6
1	82	1
1	83	2
1	84	3
1	85	8
1	86	14
1	87	1
1	88	2
1	89	6
1	90	111
1	91	30
1	92	1
1	93	15
1	94	8
1	95	3
1	97	18
1	98	17
1	99	26
1	100	7
1	101	55
1	102	15
1	103	32
1	104	6
1	105	3
1	106	32
1	107	9
1	108	8
1	109	36
1	110	1
1	111	4
1	112	18
1	113	7
1	114	85
1	116	6
1	117	5
1	118	15
1	119	11
1	120	5
2	3	5
2	4	3
2	5	1
2	6	42
2	7	4
2	8	2
2	9	2
2	10	3
2	11	36
2	12	7
2	13	6
2	14	3
2	17	7
2	18	7
2	19	6
2	20	4
2	21	1
2	22	3
2	23	6
2	25	2
2	27	2
2	28	8
2	29	6
2	30	7
2	31	1
2	32	3
2	33	1
2	34	1
2	35	6
2	36	27
2	37	1
2	39	4
2	41	7
2	42	1
2	43	5
2	44	5
2	45	3
2	46	5
2	47	4
2	48	16
2	49	24
2	50	1
2	53	27
2	54	9
2	55	4
2	56	2
2	57	4
2	59	1
2	60	6
2	61	5
2	62	5
2	63	1
2	64	1
2	65	14
2	67	3
2	68	2
2	69	6
2	70	8
2	72	1
2	73	13
2	74	1
2	75	12
2	76	6
2	77	6
2	79	1
2	80	1
2	81	1
2	82	2
2	84	21
2	85	2
2	87	2
2	88	5
2	89	15
2	90	43
2	91	26
2	93	2
2	95	4
2	97	8
2	99	3
2	100	4
2	101	17
2	102	3
2	103	5
2	106	7
2	107	2
2	109	115
2	111	16
2	112	8
2	113	5
2	114	11
2	115	4
2	116	2
2	118	9
3	4	81
3	5	32
3	6	7
3	7	47
3	8	19
3	9	11
3	10	62
3	11	69
3	12	46
3	13	22
3	14	10
3	15	10
3	16	14
3	17	99
3	18	86
3	19	44
3	20	25
3	21	30
3	22	10
3	23	109
3	24	6
3	25	24
3	26	1
3	27	18
3	28	96
3	29	24
3	30	16
3	31	37
3	32	33
3	33	38
3	34	10
3	35	47
3	36	37
3	37	4
3	38	3
3	39	7
3	40	31
3	41	112
3	42	47
3	43	20
3	44	21
3	45	4
3	46	63
3	47	7
3	48	72
3	49	36
3	50	20
3	51	10
3	52	2
3	53	15
3	54	1
3	55	47
3	56	13
3	57	21
3	58	29
3	59	16
3	60	50
3	61	23
3	62	29
3	63	7
3	64	10
3	65	27
3	66	6
3	67	31
3	68	19
3	69	39
3	70	42
3	71	31
3	72	14
3	73	5
3	74	4
3	75	36
3	76	18
3	77	14
3	78	22
3	79	8
3	80	16
3	81	37
3	82	15
3	83	11
3	84	24
3	85	20
3	86	8
3	87	4
3	88	8
3	89	50
3	90	106
3	91	95
3	92	25
3	93	62
3	94	14
3	95	10
3	96	7
3	97	168
3	98	68
3	99	25
3	100	14
3	101	178
3	102	2
3	103	35
3	104	4
3	105	13
3	106	41
3	108	27
3	109	171
3	110	18
3	111	6
3	112	9
3	113	49
3	114	59
3	115	24
3	116	15
3	117	21
3	118	44
3	119	22
3	120	8
4	5	53
4	6	4
4	7	22
4	8	21
4	9	96
4	10	98
4	11	73
4	12	52
4	13	13
4	14	28
4	15	70
4	16	37
4	17	604
4	18	114
4	19	81
4	20	13
4	21	38
4	22	2
4	23	604
4	24	33
4	25	31
4	26	9
4	27	44
4	28	273
4	29	19
4	30	83
4	31	56
4	32	68
4	33	240
4	34	10
4	35	229
4	36	244
4	37	29
4	38	20
4	39	10
4	40	25
4	41	193
4	42	13
4	43	1
4	44	25
4	45	5
4	46	128
4	47	24
4	48	122
4	49	46
4	50	81
4	51	3
4	52	38
4	53	22
4	54	9
4	55	86
4	56	25
4	57	23
4	58	34
4	59	50
4	60	54
4	61	127
4	62	140
4	63	10
4	64	3
4	65	44
4	66	6
4	67	55
4	68	115
4	69	52
4	70	37
4	71	63
4	72	12
4	73	8
4	74	72
4	75	42
4	76	38
4	77	13
4	78	15
4	79	8
4	80	84
4	81	10
4	82	167
4	83	7
4	84	144
4	85	31
4	86	2
4	87	19
4	88	18
4	89	69
4	90	105
4	91	1194
4	92	24
4	93	66
4	94	1
4	95	8
4	96	18
4	97	493
4	98	39
4	99	7
4	100	31
4	101	201
4	102	34
4	103	31
4	104	11
4	105	6
4	106	91
4	108	237
4	109	487
4	110	29
4	111	4
4	112	10
4	113	45
4	114	30
4	115	4
4	116	39
4	117	266
4	118	63
4	119	11
4	120	3
5	6	2
5	7	47
5	8	4
5	9	2
5	10	21
5	11	16
5	12	18
5	13	13
5	14	1
5	16	16
5	17	55
5	18	67
5	19	25
5	20	1
5	21	36
5	23	61
5	24	2
5	25	14
5	26	8
5	27	7
5	28	45
5	29	6
5	31	43
5	32	29
5	33	24
5	35	35
5	36	37
5	37	4
5	38	2
5	39	5
5	40	13
5	41	56
5	42	4
5	43	4
5	44	14
5	45	2
5	46	29
5	47	9
5	48	26
5	49	17
5	50	6
5	51	6
5	52	5
5	53	14
5	54	1
5	55	11
5	56	9
5	57	23
5	58	67
5	59	8
5	60	21
5	61	38
5	62	18
5	63	3
5	65	12
5	66	12
5	67	31
5	68	2
5	69	5
5	70	5
5	71	24
5	72	4
5	73	23
5	75	30
5	76	15
5	77	3
5	79	11
5	80	25
5	81	2
5	82	12
5	83	8
5	84	22
5	85	13
5	88	9
5	89	14
5	90	77
5	91	42
5	92	4
5	93	3
5	94	2
5	95	14
5	97	31
5	98	34
5	99	4
5	100	3
5	101	57
5	102	1
5	103	1
5	105	7
5	106	30
5	107	3
5	108	17
5	109	74
5	110	3
5	111	3
5	112	5
5	113	15
5	114	31
5	116	3
5	117	27
5	118	18
5	119	4
5	120	3
6	8	2
6	9	1
6	10	1
6	11	16
6	12	8
6	13	9
6	17	7
6	18	6
6	19	3
6	20	2
6	21	3
6	23	6
6	25	1
6	27	1
6	28	19
6	29	3
6	30	5
6	32	2
6	33	2
6	34	2
6	35	4
6	36	22
6	39	1
6	40	3
6	41	10
6	43	5
6	44	5
6	45	3
6	46	5
6	47	4
6	48	7
6	49	44
6	50	1
6	53	14
6	54	4
6	55	3
6	56	1
6	57	2
6	59	5
6	60	9
6	61	10
6	62	6
6	63	2
6	64	1
6	65	18
6	66	2
6	67	2
6	68	2
6	69	25
6	70	5
6	72	2
6	73	7
6	74	2
6	75	11
6	76	6
6	77	8
6	79	1
6	80	2
6	81	1
6	84	13
6	85	3
6	86	1
6	87	2
6	88	5
6	89	14
6	90	40
6	91	19
6	93	1
6	95	1
6	97	10
6	98	2
6	99	4
6	100	3
6	101	26
6	102	3
6	103	5
6	106	2
6	107	2
6	108	1
6	109	91
6	110	1
6	111	3
6	112	2
6	113	2
6	114	7
6	115	7
6	116	1
6	117	3
6	118	11
6	119	1
6	120	4
7	8	16
7	9	43
7	10	23
7	11	4
7	12	16
7	13	2
7	14	2
7	15	23
7	16	8
7	17	147
7	18	61
7	19	41
7	20	10
7	21	59
7	23	91
7	24	1
7	25	22
7	26	4
7	27	11
7	28	96
7	29	1
7	30	2
7	31	65
7	32	26
7	33	32
7	34	8
7	35	43
7	36	24
7	37	2
7	38	8
7	39	2
7	40	1
7	41	43
7	43	2
7	44	15
7	45	7
7	46	30
7	47	2
7	48	31
7	49	9
7	50	9
7	51	19
7	53	10
7	54	2
7	55	9
7	57	34
7	58	7
7	59	90
7	60	14
7	61	5
7	62	26
7	63	17
7	64	2
7	65	29
7	67	26
7	68	20
7	69	21
7	70	15
7	71	42
7	72	2
7	73	9
7	74	4
7	75	18
7	76	2
7	77	2
7	78	2
7	79	4
7	80	32
7	81	9
7	82	14
7	83	2
7	84	24
7	85	2
7	86	2
7	87	11
7	88	1
7	89	13
7	90	50
7	91	45
7	92	2
7	93	17
7	94	1
7	95	26
7	96	2
7	97	52
7	98	36
7	99	4
7	100	2
7	101	55
7	102	17
7	103	12
7	105	15
7	106	52
7	108	17
7	109	115
7	111	7
7	113	11
7	114	6
7	115	1
7	116	25
7	117	13
7	118	27
7	119	28
7	120	4
8	9	10
8	10	16
8	11	22
8	12	18
8	13	13
8	14	5
8	15	2
8	16	5
8	17	98
8	18	20
8	19	24
8	20	1
8	21	6
8	22	4
8	23	15
8	25	9
8	26	2
8	27	3
8	28	20
8	29	17
8	30	4
8	31	8
8	32	13
8	33	11
8	34	6
8	35	16
8	36	10
8	37	4
8	38	14
8	39	3
8	40	9
8	41	32
8	42	5
8	43	9
8	44	31
8	45	7
8	46	16
8	47	4
8	48	19
8	49	14
8	50	12
8	51	6
8	52	3
8	53	23
8	54	12
8	55	13
8	56	4
8	57	5
8	58	13
8	59	16
8	60	11
8	61	12
8	62	10
8	63	4
8	64	2
8	65	11
8	66	2
8	67	14
8	68	11
8	69	7
8	70	27
8	71	4
8	72	5
8	73	7
8	75	55
8	76	16
8	77	12
8	78	30
8	79	8
8	80	6
8	81	18
8	82	8
8	83	1
8	84	19
8	85	9
8	86	3
8	87	1
8	88	16
8	89	40
8	90	100
8	91	26
8	92	14
8	93	22
8	94	2
8	95	4
8	96	10
8	97	37
8	98	12
8	99	13
8	100	2
8	101	38
8	102	7
8	103	4
8	104	3
8	105	3
8	106	17
8	107	6
8	108	3
8	109	63
8	110	1
8	111	1
8	112	43
8	113	4
8	114	59
8	116	6
8	117	8
8	118	11
8	119	5
8	120	7
9	10	18
9	11	12
9	12	15
9	13	4
9	14	5
9	15	85
9	16	13
9	17	166
9	18	15
9	19	28
9	20	5
9	21	6
9	22	2
9	23	109
9	24	1
9	25	9
9	27	5
9	28	23
9	29	8
9	30	12
9	31	4
9	32	5
9	33	31
9	34	5
9	35	35
9	36	56
9	37	2
9	38	12
9	39	4
9	40	1
9	41	61
9	43	7
9	44	50
9	45	17
9	46	26
9	48	14
9	49	6
9	50	19
9	51	19
9	52	9
9	53	16
9	54	10
9	55	1
9	56	3
9	57	3
9	58	6
9	59	26
9	60	5
9	61	5
9	62	6
9	63	3
9	65	18
9	67	6
9	68	44
9	69	7
9	70	15
9	71	4
9	72	13
9	73	3
9	75	43
9	76	15
9	77	2
9	78	4
9	79	10
9	80	15
9	81	9
9	82	11
9	83	1
9	84	49
9	85	8
9	86	1
9	87	2
9	88	10
9	89	30
9	90	83
9	91	194
9	92	12
9	93	7
9	94	5
9	95	29
9	96	8
9	97	80
9	98	3
9	99	2
9	100	3
9	101	35
9	102	3
9	103	10
9	104	3
9	106	29
9	107	4
9	108	39
9	109	92
9	111	2
9	112	1
9	113	3
9	114	30
9	116	6
9	117	13
9	118	6
9	119	1
10	11	44
10	12	34
10	13	12
10	14	7
10	15	7
10	16	20
10	17	138
10	18	52
10	19	33
10	20	13
10	21	32
10	22	1
10	23	87
10	24	4
10	25	38
10	26	4
10	27	22
10	28	92
10	29	22
10	30	4
10	31	27
10	32	40
10	33	161
10	34	4
10	35	188
10	36	18
10	37	9
10	38	8
10	39	10
10	40	33
10	41	40
10	42	1
10	43	17
10	44	32
10	45	16
10	46	29
10	47	25
10	48	88
10	49	29
10	50	27
10	51	12
10	52	8
10	53	12
10	54	3
10	55	18
10	56	22
10	57	12
10	58	55
10	59	12
10	60	35
10	61	10
10	62	15
10	63	6
10	64	1
10	65	19
10	66	15
10	67	23
10	68	24
10	69	24
10	70	18
10	71	27
10	72	14
10	73	4
10	74	7
10	75	62
10	76	12
10	77	10
10	78	20
10	79	17
10	80	4
10	81	15
10	82	53
10	83	11
10	84	21
10	85	12
10	86	6
10	87	4
10	88	12
10	89	15
10	90	86
10	91	133
10	92	34
10	93	32
10	94	3
10	95	6
10	96	19
10	97	80
10	98	23
10	99	15
10	100	31
10	101	138
10	102	3
10	103	17
10	104	8
10	105	5
10	106	21
10	107	1
10	108	51
10	109	115
10	110	7
10	111	7
10	112	8
10	113	17
10	114	60
10	115	3
10	116	8
10	117	74
10	118	22
10	119	7
10	120	15
11	12	72
11	13	62
11	14	22
11	15	13
11	16	11
11	17	97
11	18	108
11	19	85
11	20	87
11	21	38
11	22	6
11	23	60
11	24	4
11	25	23
11	26	7
11	27	21
11	28	90
11	29	22
11	30	19
11	31	21
11	32	29
11	33	53
11	34	20
11	35	55
11	36	115
11	37	68
11	38	6
11	39	17
11	40	18
11	41	84
11	42	15
11	43	17
11	44	13
11	45	22
11	46	67
11	47	31
11	48	162
11	49	40
11	50	21
11	51	12
11	52	18
11	53	42
11	54	6
11	55	87
11	56	24
11	57	15
11	58	43
11	59	24
11	60	45
11	61	54
11	62	23
11	63	9
11	64	22
11	65	49
11	66	35
11	67	16
11	68	26
11	69	71
11	70	53
11	71	13
11	72	23
11	73	13
11	74	67
11	75	102
11	76	57
11	77	78
11	78	3
11	79	9
11	80	9
11	81	10
11	82	17
11	83	4
11	84	45
11	85	31
11	87	5
11	88	11
11	89	46
11	90	146
11	91	189
11	92	23
11	93	58
11	94	12
11	95	11
11	96	6
11	97	85
11	98	48
11	99	23
11	100	27
11	101	329
11	102	13
11	103	47
11	104	12
11	105	32
11	106	48
11	107	6
11	108	38
11	109	406
11	110	24
11	111	62
11	112	19
11	113	11
11	114	94
11	115	4
11	116	71
11	117	23
11	118	90
11	119	14
11	120	6
12	13	35
12	14	3
12	15	14
12	16	17
12	17	68
12	18	45
12	19	18
12	20	21
12	21	17
12	22	3
12	23	46
12	24	10
12	25	19
12	26	23
12	27	13
12	28	55
12	29	16
12	30	11
12	31	12
12	32	25
12	33	34
12	34	5
12	35	25
12	36	44
12	37	6
12	38	10
12	39	8
12	40	19
12	41	67
12	42	16
12	43	11
12	44	21
12	45	4
12	46	34
12	47	14
12	48	83
12	49	31
12	50	33
12	51	14
12	52	50
12	53	38
12	54	3
12	55	16
12	56	9
12	57	15
12	58	41
12	59	15
12	60	29
12	61	19
12	62	9
12	63	11
12	64	3
12	65	22
12	66	4
12	67	17
12	68	9
12	69	25
12	70	39
12	71	1
12	72	12
12	73	9
12	74	1
12	75	130
12	76	53
12	77	36
12	78	22
12	79	16
12	80	10
12	81	10
12	82	5
12	83	17
12	84	17
12	85	19
12	86	10
12	87	13
12	88	23
12	89	38
12	90	134
12	91	85
12	92	46
12	93	26
12	94	19
12	95	5
12	96	6
12	97	53
12	98	30
12	99	22
12	100	4
12	101	116
12	102	11
12	103	25
12	104	6
12	105	24
12	106	34
12	107	4
12	108	10
12	109	137
12	110	13
12	111	6
12	112	6
12	113	13
12	114	40
12	115	1
12	116	6
12	117	32
12	118	31
12	119	22
12	120	10
13	14	4
13	15	2
13	16	2
13	17	9
13	18	24
13	19	28
13	20	7
13	21	4
13	23	8
13	24	1
13	25	6
13	26	7
13	27	4
13	28	28
13	29	17
13	30	2
13	31	4
13	32	16
13	33	9
13	34	12
13	35	4
13	36	13
13	37	12
13	39	6
13	40	3
13	41	23
13	42	2
13	43	9
13	44	9
13	45	1
13	46	10
13	47	6
13	48	45
13	49	25
13	50	3
13	51	8
13	52	2
13	53	20
13	54	9
13	55	27
13	56	5
13	57	4
13	58	11
13	59	3
13	60	16
13	61	4
13	62	4
13	64	13
13	65	11
13	66	7
13	67	8
13	68	5
13	69	24
13	70	8
13	71	4
13	72	4
13	73	11
13	74	6
13	75	67
13	76	9
13	77	7
13	78	10
13	79	4
13	80	5
13	81	15
13	82	1
13	83	3
13	84	21
13	85	4
13	87	1
13	88	7
13	89	23
13	90	57
13	91	21
13	92	9
13	93	17
13	94	3
13	95	5
13	96	3
13	97	29
13	98	16
13	99	11
13	100	5
13	101	79
13	102	2
13	103	11
13	104	7
13	105	8
13	106	7
13	107	1
13	108	6
13	109	62
13	110	3
13	111	12
13	112	9
13	113	5
13	114	48
13	115	4
13	116	12
13	117	6
13	118	21
13	119	3
13	120	6
14	15	3
14	16	1
14	17	14
14	18	18
14	19	28
14	20	8
14	22	2
14	23	24
14	25	10
14	26	1
14	27	7
14	28	18
14	29	2
14	30	6
14	31	2
14	32	7
14	33	8
14	35	5
14	36	16
14	37	5
14	38	1
14	40	3
14	41	14
14	42	4
14	43	7
14	44	4
14	46	13
14	47	2
14	48	22
14	49	18
14	50	8
14	51	1
14	52	3
14	53	9
14	54	4
14	55	25
14	56	1
14	57	5
14	58	19
14	59	7
14	60	6
14	61	5
14	62	3
14	63	4
14	64	6
14	65	6
14	66	4
14	67	9
14	68	7
14	69	19
14	70	13
14	71	3
14	72	3
14	73	4
14	74	5
14	75	7
14	76	2
14	77	12
14	78	1
14	79	2
14	80	8
14	82	2
14	84	8
14	85	2
14	87	2
14	89	7
14	90	42
14	91	55
14	92	16
14	93	22
14	94	1
14	95	2
14	96	4
14	97	22
14	98	9
14	99	4
14	100	3
14	101	46
14	102	1
14	103	22
14	104	9
14	105	3
14	106	11
14	107	7
14	108	11
14	109	59
14	110	2
14	111	11
14	112	9
14	113	5
14	114	12
14	116	6
14	117	4
14	118	14
14	119	2
14	120	7
15	16	12
15	17	44
15	18	6
15	19	14
15	22	7
15	23	76
15	24	1
15	25	2
15	26	3
15	27	2
15	28	25
15	29	1
15	30	18
15	31	5
15	32	2
15	33	30
15	34	10
15	35	37
15	36	37
15	38	11
15	39	1
15	40	4
15	41	6
15	42	5
15	43	1
15	44	18
15	45	19
15	46	25
15	48	10
15	49	2
15	50	4
15	51	7
15	52	6
15	53	7
15	55	1
15	57	1
15	58	1
15	59	17
15	60	2
15	61	14
15	63	2
15	65	4
15	67	4
15	68	27
15	69	2
15	70	23
15	71	2
15	72	5
15	73	3
15	74	6
15	75	24
15	76	16
15	77	1
15	79	5
15	80	7
15	81	7
15	82	7
15	84	20
15	85	1
15	86	3
15	87	2
15	88	1
15	89	21
15	90	35
15	91	135
15	93	5
15	94	4
15	95	13
15	96	2
15	97	37
15	98	1
15	99	2
15	101	23
15	102	3
15	103	12
15	105	2
15	106	5
15	107	1
15	108	26
15	109	50
15	112	5
15	113	8
15	114	6
15	116	2
15	117	23
15	118	8
16	17	69
16	18	28
16	19	8
16	20	4
16	21	23
16	23	49
16	24	4
16	25	26
16	27	18
16	28	27
16	30	1
16	31	15
16	32	10
16	33	31
16	34	6
16	35	41
16	36	5
16	37	5
16	38	1
16	39	1
16	40	7
16	41	26
16	44	11
16	45	2
16	46	12
16	47	3
16	48	32
16	49	4
16	50	15
16	51	2
16	53	4
16	54	1
16	55	6
16	56	11
16	57	3
16	58	8
16	59	7
16	60	14
16	61	8
16	62	16
16	63	3
16	64	4
16	65	9
16	66	3
16	67	23
16	68	6
16	69	14
16	70	2
16	71	20
16	72	8
16	73	2
16	74	4
16	75	15
16	76	1
16	77	4
16	78	2
16	79	1
16	80	8
16	81	1
16	82	17
16	83	4
16	84	4
16	85	4
16	86	3
16	88	7
16	89	8
16	90	28
16	91	37
16	92	2
16	93	5
16	94	3
16	95	1
16	96	3
16	97	28
16	98	4
16	99	3
16	100	3
16	101	44
16	102	3
16	103	8
16	105	2
16	106	19
16	108	11
16	109	44
16	110	1
16	111	2
16	112	1
16	113	7
16	114	18
16	115	2
16	116	8
16	117	20
16	118	16
16	119	2
17	18	234
17	19	144
17	20	54
17	21	212
17	22	22
17	23	553
17	24	19
17	25	156
17	26	7
17	27	67
17	28	388
17	29	39
17	30	55
17	31	146
17	32	132
17	33	165
17	34	42
17	35	275
17	36	159
17	37	35
17	38	46
17	39	25
17	40	15
17	41	299
17	42	11
17	43	28
17	44	143
17	45	41
17	46	147
17	47	49
17	48	121
17	49	81
17	50	148
17	51	37
17	52	19
17	53	24
17	54	15
17	55	122
17	56	25
17	57	59
17	58	30
17	59	178
17	60	63
17	61	43
17	62	250
17	63	38
17	64	11
17	65	117
17	66	6
17	67	99
17	68	55
17	69	106
17	70	145
17	71	180
17	72	27
17	73	36
17	74	10
17	75	82
17	76	88
17	77	87
17	78	76
17	79	28
17	80	94
17	81	48
17	82	204
17	83	12
17	84	108
17	85	32
17	86	9
17	87	16
17	88	51
17	89	104
17	90	410
17	91	682
17	92	58
17	93	99
17	94	13
17	95	32
17	96	66
17	97	610
17	98	46
17	99	20
17	100	22
17	101	246
17	102	89
17	103	45
17	104	10
17	105	85
17	106	173
17	107	32
17	108	101
17	109	510
17	110	5
17	111	12
17	112	46
17	113	68
17	114	169
17	115	1
17	116	64
17	117	188
17	118	89
17	119	19
17	120	17
18	19	170
18	20	81
18	21	46
18	22	10
18	23	157
18	24	13
18	25	61
18	26	2
18	27	48
18	28	243
18	29	44
18	30	8
18	31	50
18	32	52
18	33	47
18	34	28
18	35	85
18	36	102
18	37	40
18	38	9
18	39	23
18	40	7
18	41	161
18	42	16
18	43	31
18	44	43
18	45	11
18	46	63
18	47	34
18	48	131
18	49	98
18	50	43
18	51	21
18	52	18
18	53	19
18	54	4
18	55	74
18	56	32
18	57	32
18	58	60
18	59	32
18	60	80
18	61	35
18	62	104
18	63	27
18	64	23
18	65	78
18	66	23
18	67	60
18	68	6
18	69	72
18	70	44
18	71	42
18	72	27
18	73	15
18	74	24
18	75	26
18	76	37
18	77	20
18	78	55
18	79	17
18	80	57
18	81	34
18	82	19
18	83	5
18	84	20
18	85	9
18	86	11
18	87	19
18	88	56
18	89	98
18	90	229
18	91	163
18	92	30
18	93	95
18	94	12
18	95	39
18	96	8
18	97	205
18	98	63
18	99	24
18	100	20
18	101	247
18	102	17
18	103	93
18	104	32
18	105	52
18	106	124
18	107	27
18	108	22
18	109	318
18	110	18
18	111	47
18	112	67
18	113	52
18	114	149
18	115	10
18	116	95
18	117	26
18	118	160
18	119	103
18	120	14
19	20	88
19	21	81
19	22	17
19	23	103
19	24	7
19	25	31
19	26	8
19	27	26
19	28	180
19	29	59
19	30	10
19	31	32
19	32	39
19	33	56
19	34	38
19	35	70
19	36	23
19	37	63
19	38	13
19	39	29
19	40	20
19	41	183
19	42	14
19	43	49
19	44	113
19	45	43
19	46	51
19	47	33
19	48	189
19	49	149
19	50	29
19	51	23
19	52	4
19	53	20
19	54	18
19	55	106
19	56	33
19	57	18
19	58	58
19	59	46
19	60	55
19	61	31
19	62	53
19	63	31
19	64	39
19	65	55
19	66	8
19	67	41
19	68	18
19	69	78
19	70	198
19	71	43
19	72	18
19	73	29
19	74	63
19	75	71
19	76	19
19	77	32
19	78	14
19	79	35
19	80	35
19	81	27
19	82	22
19	83	3
19	84	14
19	85	14
19	86	15
19	87	23
19	88	52
19	89	69
19	90	328
19	91	75
19	92	22
19	93	108
19	94	6
19	95	26
19	96	16
19	97	204
19	98	44
19	99	35
19	100	13
19	101	268
19	102	40
19	103	92
19	104	10
19	105	41
19	106	101
19	107	35
19	108	14
19	109	265
19	110	8
19	111	70
19	112	61
19	113	29
19	114	225
19	115	13
19	116	45
19	117	27
19	118	196
19	119	27
19	120	55
20	21	14
20	22	8
20	23	22
20	24	1
20	25	15
20	26	3
20	27	15
20	28	93
20	29	68
20	30	2
20	31	22
20	32	18
20	33	33
20	34	5
20	35	28
20	36	134
20	37	62
20	38	1
20	39	9
20	40	3
20	41	60
20	42	5
20	43	34
20	44	19
20	45	5
20	46	13
20	47	48
20	48	112
20	49	19
20	50	7
20	51	10
20	52	1
20	53	7
20	54	3
20	55	55
20	56	44
20	57	3
20	58	24
20	59	12
20	60	13
20	61	5
20	62	25
20	63	57
20	64	46
20	65	105
20	66	9
20	67	12
20	68	4
20	69	64
20	70	21
20	71	5
20	72	12
20	73	6
20	74	48
20	75	10
20	76	21
20	77	24
20	78	2
20	79	2
20	80	7
20	81	16
20	82	5
20	83	2
20	84	48
20	85	5
20	86	7
20	87	11
20	88	13
20	89	28
20	90	88
20	91	123
20	92	10
20	93	23
20	94	6
20	95	29
20	96	10
20	97	66
20	98	10
20	99	8
20	100	14
20	101	235
20	102	4
20	103	48
20	104	3
20	105	70
20	106	32
20	107	14
20	108	3
20	109	166
20	110	6
20	111	17
20	112	13
20	113	11
20	114	81
20	116	32
20	117	11
20	118	77
20	119	16
20	120	3
21	23	161
21	24	5
21	25	24
21	27	11
21	28	88
21	31	35
21	32	41
21	33	39
21	34	47
21	35	56
21	36	15
21	37	1
21	40	11
21	41	104
21	42	14
21	43	2
21	44	16
21	45	12
21	46	48
21	47	14
21	48	9
21	49	177
21	50	40
21	51	6
21	53	1
21	55	9
21	56	2
21	57	38
21	58	2
21	59	48
21	60	23
21	61	8
21	62	18
21	63	3
21	65	13
21	67	41
21	68	7
21	69	42
21	70	10
21	71	90
21	73	48
21	74	1
21	75	22
21	76	9
21	77	15
21	79	33
21	80	24
21	82	24
21	83	1
21	84	30
21	85	7
21	87	43
21	88	8
21	89	11
21	90	139
21	91	61
21	92	21
21	93	61
21	95	35
21	96	6
21	97	204
21	98	25
21	99	1
21	100	5
21	101	68
21	102	28
21	103	10
21	104	1
21	105	9
21	106	80
21	107	5
21	108	16
21	109	204
21	110	11
21	113	6
21	114	4
21	115	5
21	116	29
21	117	14
21	118	9
21	119	22
21	120	1
22	23	14
22	24	2
22	25	4
22	27	3
22	28	18
22	29	32
22	30	3
22	31	2
22	32	5
22	33	3
22	34	9
22	35	2
22	36	18
22	39	1
22	40	1
22	41	15
22	42	1
22	43	15
22	44	27
22	45	5
22	46	7
22	47	1
22	48	28
22	49	22
22	50	1
22	51	1
22	53	1
22	54	7
22	55	2
22	56	1
22	57	5
22	58	6
22	59	7
22	60	11
22	62	2
22	63	5
22	64	5
22	65	11
22	66	2
22	67	3
22	68	12
22	69	17
22	70	72
22	71	1
22	72	3
22	73	15
22	75	26
22	76	16
22	77	23
22	79	9
22	81	10
22	84	6
22	85	1
22	86	2
22	87	8
22	88	1
22	89	45
22	90	91
22	91	9
22	93	5
22	94	2
22	95	44
22	96	1
22	97	15
22	98	8
22	99	10
22	100	1
22	101	24
22	102	7
22	103	40
22	105	5
22	106	11
22	107	10
22	108	1
22	109	42
22	110	6
22	111	2
22	112	15
22	113	29
22	114	19
22	116	3
22	118	4
22	119	4
23	24	82
23	25	159
23	26	3
23	27	101
23	28	241
23	29	11
23	30	74
23	31	93
23	32	74
23	33	209
23	34	44
23	35	185
23	36	249
23	37	3
23	38	2
23	39	6
23	40	38
23	41	153
23	42	5
23	43	6
23	44	121
23	45	49
23	46	160
23	47	21
23	48	94
23	49	77
23	50	82
23	51	13
23	52	5
23	53	24
23	54	4
23	55	31
23	56	9
23	57	50
23	58	25
23	59	44
23	60	50
23	61	61
23	62	49
23	63	9
23	64	2
23	65	20
23	66	11
23	67	117
23	68	131
23	69	95
23	70	27
23	71	141
23	72	20
23	73	18
23	74	6
23	75	17
23	76	38
23	77	31
23	79	26
23	80	101
23	81	2
23	82	104
23	84	192
23	85	12
23	86	22
23	87	2
23	88	33
23	89	28
23	90	129
23	91	1082
23	92	2
23	93	52
23	94	6
23	95	35
23	96	19
23	97	340
23	98	38
23	99	17
23	100	12
23	101	265
23	102	8
23	103	94
23	104	7
23	105	118
23	106	108
23	107	11
23	108	216
23	109	375
23	110	10
23	111	10
23	112	21
23	113	27
23	114	103
23	115	27
23	116	68
23	117	87
23	118	92
23	119	51
23	120	19
24	25	33
24	26	1
24	27	48
24	28	16
24	31	12
24	32	4
24	33	20
24	34	1
24	35	6
24	36	18
24	39	4
24	40	15
24	41	49
24	44	20
24	45	1
24	46	7
24	48	33
24	49	7
24	50	1
24	53	1
24	55	12
24	59	3
24	60	8
24	61	10
24	62	3
24	64	1
24	65	2
24	67	9
24	68	2
24	69	10
24	70	6
24	71	5
24	72	9
24	74	16
24	75	1
24	76	6
24	77	2
24	80	3
24	82	5
24	84	1
24	85	4
24	88	5
24	89	2
24	90	18
24	91	5
24	93	5
24	94	3
24	96	6
24	97	10
24	98	6
24	100	3
24	101	24
24	103	16
24	104	2
24	105	36
24	106	9
24	107	1
24	108	2
24	109	17
24	110	9
24	111	1
24	112	4
24	113	3
24	114	12
24	115	1
24	116	15
24	117	3
24	118	30
24	119	2
25	26	1
25	27	169
25	28	45
25	29	2
25	30	2
25	31	40
25	32	18
25	33	49
25	34	9
25	35	44
25	36	34
25	37	4
25	38	2
25	39	8
25	40	18
25	41	83
25	42	5
25	43	4
25	44	43
25	45	7
25	46	21
25	47	10
25	48	68
25	49	18
25	50	26
25	51	9
25	53	10
25	55	9
25	57	15
25	58	10
25	59	19
25	60	22
25	61	13
25	62	19
25	63	5
25	64	5
25	65	1
25	66	14
25	67	27
25	68	13
25	69	7
25	70	17
25	71	19
25	72	23
25	73	6
25	74	4
25	75	6
25	76	14
25	77	15
25	79	8
25	80	16
25	81	1
25	82	12
25	84	12
25	85	3
25	86	8
25	88	6
25	89	1
25	90	47
25	91	36
25	93	36
25	94	5
25	95	2
25	96	4
25	97	40
25	98	17
25	99	5
25	100	7
25	101	78
25	102	2
25	103	25
25	104	15
25	105	56
25	106	25
25	108	11
25	109	63
25	110	5
25	111	6
25	112	11
25	113	27
25	114	22
25	115	1
25	116	16
25	117	5
25	118	47
25	119	29
25	120	3
26	28	10
26	29	12
26	30	5
26	31	2
26	32	18
26	33	13
26	35	8
26	36	10
26	37	2
26	38	16
26	39	7
26	40	27
26	41	61
26	42	62
26	43	4
26	44	25
26	45	11
26	46	38
26	48	10
26	49	35
26	50	2
26	51	50
26	52	1
26	53	42
26	56	2
26	57	1
26	58	220
26	59	108
26	60	9
26	61	29
26	62	16
26	65	16
26	68	1
26	69	1
26	70	56
26	72	1
26	75	165
26	76	132
26	77	10
26	79	10
26	80	12
26	81	3
26	84	9
26	89	19
26	90	144
26	91	17
26	92	2
26	93	16
26	94	40
26	95	6
26	96	8
26	97	32
26	98	1
26	99	2
26	101	11
26	103	2
26	105	2
26	106	10
26	107	1
26	109	135
26	111	4
26	112	13
26	113	2
26	114	10
26	116	4
26	119	1
26	120	1
27	28	38
27	29	1
27	30	2
27	31	25
27	32	12
27	33	49
27	34	4
27	35	35
27	36	42
27	37	3
27	38	3
27	39	7
27	40	7
27	41	58
27	42	3
27	43	1
27	44	32
27	45	8
27	46	13
27	47	8
27	48	59
27	49	14
27	50	13
27	51	4
27	53	8
27	55	17
27	57	4
27	59	13
27	60	20
27	61	11
27	62	11
27	63	2
27	64	4
27	65	3
27	66	12
27	67	26
27	68	8
27	69	12
27	70	12
27	71	13
27	72	17
27	73	4
27	74	18
27	75	2
27	76	11
27	77	10
27	79	5
27	80	6
27	81	1
27	82	11
27	84	4
27	85	3
27	86	7
27	88	5
27	89	5
27	90	26
27	91	19
27	93	18
27	94	5
27	95	1
27	96	4
27	97	27
27	98	11
27	99	3
27	100	7
27	101	62
27	102	1
27	103	20
27	104	15
27	105	23
27	106	20
27	107	1
27	108	9
27	109	49
27	110	11
27	111	2
27	112	5
27	113	17
27	114	17
27	115	2
27	116	23
27	117	5
27	118	38
27	119	9
27	120	1
28	29	86
28	30	19
28	31	84
28	32	101
28	33	120
28	34	33
28	35	174
28	36	86
28	37	32
28	38	12
28	39	15
28	40	25
28	41	202
28	42	22
28	43	111
28	44	47
28	45	35
28	46	102
28	47	59
28	48	176
28	49	175
28	50	41
28	51	19
28	52	11
28	53	19
28	54	25
28	55	92
28	56	36
28	57	28
28	58	84
28	59	81
28	60	75
28	61	50
28	62	137
28	63	47
28	64	25
28	65	133
28	66	12
28	67	70
28	68	29
28	69	97
28	70	76
28	71	97
28	72	15
28	73	52
28	74	41
28	75	72
28	76	36
28	77	78
28	78	33
28	79	22
28	80	56
28	81	43
28	82	72
28	83	5
28	84	50
28	85	8
28	86	10
28	87	27
28	88	88
28	89	76
28	90	250
28	91	312
28	92	16
28	93	130
28	94	4
28	95	53
28	96	29
28	97	418
28	98	63
28	99	41
28	100	28
28	101	406
28	102	44
28	103	113
28	104	25
28	105	33
28	106	127
28	107	4
28	108	84
28	109	382
28	110	27
28	111	64
28	112	56
28	113	42
28	114	113
28	115	42
28	116	73
28	117	61
28	118	179
28	119	42
28	120	118
29	30	6
29	31	4
29	32	8
29	33	9
29	34	13
29	35	19
29	36	109
29	37	4
29	38	3
29	39	10
29	40	5
29	41	121
29	42	11
29	43	23
29	44	118
29	45	20
29	46	13
29	47	2
29	48	30
29	49	115
29	50	3
29	51	6
29	53	15
29	54	4
29	55	8
29	56	2
29	57	3
29	58	96
29	59	24
29	60	19
29	61	3
29	62	23
29	63	10
29	64	21
29	65	51
29	66	1
29	67	8
29	68	1
29	69	20
29	70	394
29	71	2
29	72	2
29	73	14
29	75	32
29	76	12
29	77	15
29	78	27
29	79	22
29	80	6
29	81	11
29	82	3
29	83	3
29	84	9
29	85	4
29	86	10
29	87	2
29	88	56
29	89	134
29	90	243
29	91	36
29	93	28
29	94	8
29	95	84
29	96	6
29	97	65
29	98	14
29	99	11
29	100	5
29	101	58
29	102	27
29	103	11
29	104	1
29	105	6
29	106	16
29	107	31
29	108	4
29	109	125
29	110	10
29	111	23
29	112	40
29	113	16
29	114	50
29	116	11
29	117	3
29	118	26
29	119	5
29	120	41
30	31	4
30	32	11
30	33	22
30	34	2
30	35	16
30	36	67
30	37	3
30	38	3
30	40	11
30	41	50
30	42	5
30	43	1
30	44	1
30	45	4
30	46	36
30	48	13
30	49	9
30	50	6
30	51	2
30	52	3
30	53	5
30	54	1
30	55	5
30	56	4
30	57	2
30	58	5
30	59	6
30	60	6
30	61	13
30	62	10
30	63	1
30	65	15
30	67	4
30	68	16
30	69	11
30	70	19
30	71	1
30	73	1
30	74	6
30	75	6
30	76	12
30	77	12
30	78	2
30	79	2
30	80	7
30	81	2
30	82	13
30	83	5
30	84	19
30	85	3
30	88	8
30	89	14
30	90	37
30	91	159
30	92	2
30	93	7
30	95	2
30	96	2
30	97	53
30	98	6
30	100	1
30	101	25
30	102	3
30	103	2
30	106	10
30	107	1
30	108	24
30	109	52
30	110	2
30	111	4
30	112	10
30	113	10
30	114	14
30	115	1
30	116	8
30	117	13
30	118	1
30	119	1
31	32	23
31	33	54
31	34	12
31	35	58
31	36	16
31	37	11
31	38	9
31	40	5
31	41	31
31	43	6
31	44	43
31	45	5
31	46	29
31	47	2
31	48	43
31	49	9
31	50	14
31	51	11
31	53	11
31	55	12
31	56	10
31	57	22
31	58	25
31	59	28
31	60	13
31	61	8
31	62	39
31	63	15
31	64	2
31	65	7
31	66	5
31	67	35
31	68	17
31	69	6
31	70	7
31	71	30
31	72	8
31	73	6
31	74	7
31	75	13
31	76	5
31	77	4
31	78	2
31	79	6
31	80	29
31	81	3
31	82	32
31	83	5
31	84	16
31	85	5
31	86	11
31	87	1
31	88	6
31	89	10
31	90	52
31	91	49
31	92	3
31	93	27
31	94	6
31	95	14
31	96	12
31	97	73
31	98	32
31	99	15
31	100	6
31	101	106
31	102	6
31	103	31
31	104	3
31	105	17
31	106	44
31	107	6
31	108	11
31	109	55
31	110	2
31	111	5
31	112	2
31	113	15
31	114	30
31	116	12
31	117	32
31	118	31
31	119	30
31	120	3
32	33	43
32	34	4
32	35	43
32	36	42
32	37	7
32	38	2
32	39	6
32	40	20
32	41	79
32	42	11
32	43	9
32	44	13
32	45	5
32	46	57
32	47	8
32	48	32
32	49	37
32	50	16
32	51	15
32	52	7
32	53	11
32	54	3
32	55	15
32	56	8
32	57	25
32	58	34
32	59	21
32	60	45
32	61	27
32	62	32
32	63	4
32	64	3
32	65	17
32	66	4
32	67	22
32	68	3
32	69	26
32	70	11
32	71	36
32	72	3
32	73	13
32	75	38
32	76	27
32	77	36
32	78	15
32	79	6
32	80	15
32	81	6
32	82	26
32	83	29
32	84	10
32	85	3
32	86	2
32	87	1
32	88	24
32	89	16
32	90	75
32	91	69
32	92	7
32	93	25
32	94	2
32	95	9
32	96	6
32	97	95
32	98	46
32	99	7
32	100	17
32	101	142
32	102	10
32	103	8
32	104	9
32	105	6
32	106	33
32	107	3
32	108	25
32	109	104
32	110	5
32	111	10
32	112	15
32	113	15
32	114	38
32	115	7
32	116	17
32	117	38
32	118	19
32	119	16
32	120	16
33	34	10
33	35	258
33	36	96
33	37	11
33	38	21
33	39	14
33	40	31
33	41	52
33	43	10
33	44	21
33	45	9
33	46	64
33	47	43
33	48	109
33	49	24
33	50	38
33	51	5
33	52	8
33	53	18
33	54	2
33	55	33
33	56	13
33	57	7
33	58	44
33	59	20
33	60	60
33	61	18
33	62	31
33	63	9
33	64	5
33	65	37
33	66	16
33	67	49
33	68	51
33	69	46
33	70	20
33	71	36
33	72	15
33	73	9
33	74	3
33	75	68
33	76	15
33	77	12
33	78	5
33	79	21
33	80	28
33	81	7
33	82	121
33	83	12
33	84	52
33	85	12
33	86	12
33	87	1
33	88	7
33	89	12
33	90	109
33	91	339
33	92	21
33	93	32
33	94	11
33	95	31
33	96	8
33	97	139
33	98	58
33	99	24
33	100	23
33	101	168
33	102	17
33	103	18
33	104	16
33	105	7
33	106	36
33	107	3
33	108	102
33	109	161
33	110	10
33	111	6
33	112	6
33	113	19
33	114	44
33	115	4
33	116	15
33	117	153
33	118	24
33	119	23
33	120	23
34	35	9
34	36	17
34	37	5
34	38	4
34	39	3
34	40	2
34	41	66
34	42	14
34	43	2
34	44	60
34	45	32
34	46	7
34	48	39
34	49	62
34	50	18
34	51	12
34	53	2
34	54	5
34	55	16
34	56	2
34	57	2
34	58	6
34	59	35
34	60	11
34	61	2
34	62	4
34	63	17
34	64	22
34	65	18
34	66	2
34	67	30
34	68	4
34	69	14
34	70	22
34	71	10
34	72	1
34	73	29
34	74	1
34	75	32
34	76	9
34	77	61
34	79	29
34	80	2
34	81	31
34	82	5
34	84	4
34	85	8
34	86	42
34	87	14
34	88	6
34	89	59
34	90	191
34	91	13
34	92	30
34	93	19
34	94	6
34	95	21
34	96	5
34	97	38
34	98	12
34	99	19
34	100	1
34	101	18
34	102	21
34	103	30
34	104	6
34	105	7
34	106	35
34	107	60
34	108	4
34	109	69
34	110	7
34	111	5
34	112	31
34	114	61
34	115	1
34	116	10
34	117	4
34	118	31
34	119	27
34	120	73
35	36	70
35	37	14
35	38	13
35	39	6
35	40	29
35	41	72
35	42	2
35	43	18
35	44	33
35	45	14
35	46	83
35	47	43
35	48	115
35	49	27
35	50	46
35	51	13
35	52	6
35	53	18
35	54	1
35	55	35
35	56	19
35	57	9
35	58	66
35	59	28
35	60	66
35	61	18
35	62	47
35	63	11
35	64	7
35	65	45
35	66	8
35	67	39
35	68	44
35	69	47
35	70	20
35	71	64
35	72	21
35	73	2
35	74	9
35	75	65
35	76	18
35	77	12
35	78	7
35	79	13
35	80	22
35	81	22
35	82	128
35	83	11
35	84	40
35	85	28
35	86	6
35	87	1
35	88	24
35	89	25
35	90	101
35	91	328
35	92	23
35	93	25
35	94	9
35	95	45
35	96	19
35	97	190
35	98	47
35	99	16
35	100	26
35	101	138
35	102	15
35	103	14
35	104	13
35	105	6
35	106	41
35	107	4
35	108	74
35	109	169
35	110	12
35	111	6
35	112	10
35	113	28
35	114	55
35	115	3
35	116	26
35	117	179
35	118	47
35	119	23
35	120	8
36	37	14
36	38	6
36	39	6
36	40	3
36	41	166
36	42	25
36	43	8
36	44	43
36	45	6
36	46	86
36	47	1
36	48	74
36	49	30
36	50	27
36	51	11
36	52	13
36	53	48
36	54	2
36	55	27
36	56	8
36	57	48
36	58	54
36	59	13
36	60	42
36	61	73
36	62	32
36	63	9
36	64	21
36	65	78
36	66	16
36	67	29
36	68	50
36	69	74
36	70	61
36	71	19
36	72	14
36	73	3
36	74	9
36	75	51
36	76	71
36	77	81
36	79	11
36	80	24
36	81	11
36	82	26
36	83	13
36	84	85
36	85	36
36	86	2
36	87	10
36	88	14
36	89	27
36	90	172
36	91	487
36	92	20
36	93	43
36	94	3
36	95	54
36	96	3
36	97	154
36	98	18
36	99	33
36	100	11
36	101	127
36	102	13
36	103	20
36	104	31
36	105	17
36	106	52
36	107	26
36	108	93
36	109	402
36	110	14
36	111	17
36	112	15
36	113	14
36	114	56
36	115	1
36	116	49
36	117	43
36	118	45
36	119	13
37	38	1
37	39	8
37	40	1
37	41	56
37	42	2
37	43	11
37	44	5
37	45	3
37	46	7
37	47	4
37	48	88
37	49	27
37	50	3
37	51	5
37	53	7
37	55	53
37	56	30
37	58	5
37	59	4
37	60	10
37	61	2
37	62	22
37	63	20
37	64	22
37	65	12
37	66	5
37	67	17
37	69	6
37	70	9
37	71	8
37	72	4
37	73	2
37	74	34
37	75	1
37	76	2
37	77	3
37	78	13
37	79	1
37	80	9
37	81	16
37	82	8
37	84	11
37	89	3
37	90	7
37	91	30
37	93	14
37	95	7
37	96	2
37	97	36
37	98	3
37	99	3
37	100	5
37	101	120
37	102	4
37	103	24
37	104	6
37	105	19
37	106	39
37	108	8
37	109	30
37	110	2
37	111	52
37	112	9
37	113	3
37	114	41
37	116	26
37	117	34
37	118	84
38	39	2
38	41	7
38	44	15
38	45	2
38	46	4
38	48	2
38	49	5
38	50	9
38	51	21
38	52	3
38	53	7
38	55	3
38	56	1
38	57	11
38	58	31
38	59	23
38	60	2
38	62	12
38	63	3
38	64	1
38	65	10
38	67	1
38	68	13
38	70	20
38	71	5
38	73	2
38	75	89
38	76	19
38	77	1
38	78	1
38	79	8
38	80	3
38	81	10
38	82	9
38	84	8
38	85	5
38	86	2
38	87	1
38	88	5
38	89	44
38	90	108
38	91	15
38	92	17
38	93	8
38	94	8
38	96	2
38	97	22
38	98	1
38	99	4
38	101	14
38	102	5
38	103	4
38	105	3
38	106	13
38	107	12
38	108	1
38	109	27
38	111	1
38	112	1
38	113	3
38	114	13
38	116	11
38	117	9
38	118	3
38	120	1
39	41	17
39	42	1
39	43	10
39	44	16
39	45	21
39	46	6
39	47	6
39	48	42
39	49	29
39	50	2
39	51	2
39	53	4
39	54	3
39	55	6
39	56	2
39	58	12
39	59	2
39	60	11
39	61	2
39	62	6
39	63	5
39	64	15
39	65	2
39	66	3
39	67	6
39	68	1
39	69	14
39	70	9
39	71	6
39	72	2
39	73	5
39	75	13
39	76	12
39	77	4
39	79	6
39	80	1
39	81	4
39	85	5
39	86	1
39	88	2
39	89	6
39	90	45
39	91	5
39	92	9
39	93	13
39	95	2
39	97	14
39	98	1
39	99	4
39	100	3
39	101	31
39	102	5
39	103	21
39	104	3
39	105	5
39	106	11
39	107	2
39	108	3
39	109	38
39	111	10
39	112	22
39	113	1
39	114	20
39	116	7
39	117	4
39	118	11
39	119	3
39	120	4
40	41	162
40	42	39
40	43	5
40	44	12
40	45	1
40	46	39
40	47	2
40	48	20
40	49	21
40	50	6
40	51	2
40	53	9
40	55	4
40	56	9
40	57	6
40	58	19
40	59	5
40	60	8
40	61	31
40	62	6
40	65	15
40	66	1
40	67	7
40	68	4
40	69	6
40	70	15
40	71	1
40	72	8
40	73	8
40	75	18
40	76	20
40	77	5
40	78	7
40	79	6
40	80	7
40	81	5
40	82	3
40	84	3
40	85	3
40	88	1
40	89	10
40	90	55
40	91	20
40	92	8
40	93	15
40	94	5
40	95	4
40	96	4
40	97	32
40	98	23
40	99	12
40	100	1
40	101	41
40	102	6
40	103	8
40	104	1
40	105	40
40	106	13
40	107	1
40	108	7
40	109	62
40	110	4
40	111	1
40	112	2
40	113	23
40	114	12
40	116	7
40	117	30
40	118	24
40	119	8
40	120	19
41	42	316
41	43	119
41	44	204
41	45	36
41	46	243
41	47	6
41	48	202
41	49	278
41	50	21
41	51	23
41	52	2
41	53	45
41	55	159
41	56	89
41	57	30
41	58	79
41	59	111
41	60	88
41	61	90
41	62	76
41	63	34
41	64	20
41	65	162
41	66	10
41	67	68
41	68	18
41	69	114
41	70	189
41	71	52
41	72	29
41	73	50
41	74	88
41	75	47
41	76	68
41	77	53
41	78	40
41	79	47
41	80	39
41	81	52
41	82	36
41	83	39
41	84	20
41	85	21
41	86	9
41	87	2
41	88	59
41	89	148
41	90	340
41	91	105
41	92	53
41	93	68
41	94	10
41	95	54
41	96	24
41	97	222
41	98	110
41	99	26
41	100	17
41	101	258
41	102	29
41	103	58
41	104	7
41	105	80
41	106	126
41	107	35
41	108	27
41	109	489
41	110	29
41	111	48
41	112	95
41	113	63
41	114	139
41	115	15
41	116	62
41	117	33
41	118	174
41	119	53
41	120	138
42	43	6
42	44	29
42	46	46
42	48	7
42	49	7
42	53	8
42	55	15
42	56	14
42	57	1
42	59	7
42	60	28
42	61	22
42	62	9
42	63	5
42	65	18
42	67	8
42	68	1
42	69	1
42	70	37
42	72	7
42	73	11
42	75	10
42	76	26
42	77	3
42	79	15
42	80	2
42	81	2
42	85	1
42	88	2
42	89	7
42	90	39
42	91	10
42	93	5
42	95	5
42	96	5
42	97	33
42	98	33
42	100	1
42	101	24
42	102	2
42	103	2
42	106	2
42	108	2
42	109	126
42	111	10
42	112	8
42	113	9
42	114	5
42	118	5
42	119	1
42	120	24
43	44	32
43	45	17
43	46	31
43	47	14
43	48	83
43	49	38
43	51	2
43	53	13
43	54	4
43	55	40
43	56	22
43	57	3
43	58	7
43	59	6
43	60	22
43	61	9
43	62	10
43	63	9
43	64	9
43	65	40
43	66	1
43	67	17
43	68	2
43	69	15
43	70	23
43	71	3
43	72	2
43	73	4
43	74	4
43	75	6
43	76	9
43	77	7
43	78	42
43	79	8
43	80	9
43	81	40
43	82	4
43	83	1
43	85	9
43	86	2
43	88	38
43	89	25
43	90	38
43	91	15
43	93	25
43	95	23
43	96	10
43	97	99
43	98	7
43	99	10
43	100	1
43	101	82
43	102	1
43	103	24
43	104	5
43	105	15
43	106	4
43	107	4
43	108	5
43	109	60
43	111	10
43	112	8
43	113	3
43	114	128
43	116	18
43	117	4
43	118	88
43	120	10
44	45	129
44	46	26
44	48	121
44	49	117
44	50	8
44	51	50
44	52	3
44	53	22
44	54	10
44	55	17
44	56	14
44	58	153
44	59	78
44	60	34
44	61	9
44	62	33
44	63	11
44	64	12
44	65	49
44	66	3
44	67	29
44	68	43
44	69	22
44	70	895
44	71	11
44	72	22
44	73	7
44	74	20
44	75	91
44	76	43
44	77	61
44	78	43
44	79	106
44	80	25
44	81	41
44	82	10
44	85	19
44	86	45
44	87	5
44	88	35
44	89	153
44	90	543
44	91	41
44	92	5
44	93	62
44	94	22
44	95	17
44	96	15
44	97	66
44	98	26
44	99	63
44	100	5
44	101	110
44	102	60
44	103	91
44	104	3
44	105	15
44	106	40
44	107	83
44	108	17
44	109	127
44	110	2
44	111	13
44	112	69
44	113	23
44	114	332
44	115	1
44	116	22
44	117	5
44	118	53
44	119	9
44	120	52
45	46	13
45	47	2
45	48	56
45	49	31
45	50	3
45	51	15
45	52	6
45	53	5
45	54	3
45	55	4
45	56	1
45	58	45
45	59	26
45	60	4
45	61	1
45	62	13
45	63	4
45	64	14
45	65	12
45	67	11
45	68	1
45	69	1
45	70	149
45	71	10
45	72	3
45	73	6
45	74	1
45	75	41
45	76	22
45	77	12
45	78	3
45	79	26
45	80	2
45	81	20
45	82	1
45	84	4
45	85	12
45	86	7
45	88	18
45	89	19
45	90	154
45	91	14
45	92	6
45	93	11
45	94	7
45	95	6
45	96	6
45	97	32
45	98	4
45	99	27
45	101	29
45	102	18
45	103	27
45	104	1
45	105	2
45	106	13
45	107	17
45	108	4
45	109	62
45	110	1
45	111	9
45	112	33
45	113	3
45	114	93
45	116	4
45	117	2
45	118	21
45	119	4
45	120	12
46	47	3
46	48	53
46	49	50
46	50	27
46	51	5
46	52	20
46	53	17
46	54	4
46	55	19
46	56	7
46	57	34
46	58	17
46	59	24
46	60	27
46	61	76
46	62	24
46	63	7
46	64	3
46	65	35
46	66	2
46	67	25
46	68	27
46	69	65
46	70	50
46	71	43
46	72	10
46	73	11
46	74	7
46	75	48
46	76	52
46	77	51
46	78	6
46	79	8
46	80	20
46	81	27
46	82	31
46	83	6
46	84	44
46	85	20
46	87	3
46	88	38
46	89	46
46	90	100
46	91	190
46	92	10
46	93	26
46	94	4
46	95	29
46	96	7
46	97	127
46	98	27
46	99	9
46	100	7
46	101	170
46	102	9
46	103	25
46	104	3
46	105	14
46	106	42
46	107	5
46	108	54
46	109	235
46	110	5
46	111	11
46	112	13
46	113	47
46	114	42
46	115	26
46	116	18
46	117	87
46	118	36
46	119	13
46	120	3
47	48	106
47	49	10
47	51	2
47	53	3
47	54	6
47	55	32
47	56	7
47	58	3
47	60	31
47	61	7
47	62	1
47	64	9
47	65	18
47	66	5
47	67	12
47	68	8
47	69	13
47	70	2
47	71	8
47	72	5
47	73	3
47	74	3
47	75	13
47	76	10
47	77	11
47	79	3
47	80	5
47	81	4
47	82	3
47	85	1
47	88	1
47	89	8
47	90	18
47	91	131
47	93	17
47	94	3
47	95	13
47	96	2
47	97	58
47	98	13
47	99	11
47	100	27
47	101	69
47	103	2
47	104	6
47	105	5
47	106	9
47	108	13
47	109	95
47	113	3
47	114	8
47	115	2
47	116	19
47	117	21
47	118	22
48	49	107
48	50	13
48	51	21
48	52	4
48	53	61
48	54	14
48	55	175
48	56	56
48	58	99
48	59	28
48	60	94
48	61	54
48	62	38
48	63	36
48	64	60
48	65	70
48	66	27
48	67	74
48	68	22
48	69	76
48	70	51
48	71	12
48	72	34
48	73	17
48	74	152
48	75	77
48	76	99
48	77	102
48	78	7
48	79	36
48	80	34
48	81	81
48	82	24
48	84	23
48	85	24
48	86	14
48	87	3
48	88	29
48	89	58
48	90	204
48	91	101
48	93	103
48	94	18
48	95	48
48	96	35
48	97	189
48	98	76
48	99	49
48	100	26
48	101	402
48	102	5
48	103	90
48	104	53
48	105	83
48	106	84
48	107	16
48	108	47
48	109	292
48	110	20
48	111	48
48	112	53
48	113	43
48	114	238
48	115	16
48	116	75
48	117	68
48	118	208
48	119	2
48	120	43
49	50	13
49	51	24
49	52	3
49	53	40
49	54	6
49	55	38
49	56	7
49	57	18
49	58	129
49	59	126
49	60	68
49	61	25
49	62	33
49	63	39
49	64	8
49	65	75
49	66	15
49	67	39
49	68	5
49	69	143
49	70	140
49	71	22
49	72	18
49	73	73
49	74	5
49	75	59
49	76	66
49	77	65
49	78	8
49	79	48
49	80	34
49	81	53
49	82	5
49	83	10
49	84	12
49	85	10
49	86	29
49	87	53
49	88	87
49	89	232
49	90	445
49	91	49
49	92	13
49	93	116
49	94	14
49	95	38
49	96	9
49	97	256
49	98	18
49	99	20
49	100	5
49	101	196
49	102	41
49	103	69
49	105	12
49	106	75
49	107	39
49	108	13
49	109	320
49	110	45
49	111	109
49	112	223
49	113	19
49	114	105
49	115	34
49	116	23
49	117	12
49	118	108
49	119	32
49	120	239
50	51	2
50	52	22
50	53	5
50	55	9
50	56	2
50	57	8
50	58	6
50	59	13
50	60	13
50	61	9
50	62	23
50	63	2
50	65	13
50	67	12
50	68	12
50	69	16
50	70	19
50	71	29
50	72	4
50	73	3
50	75	23
50	76	9
50	77	17
50	78	2
50	79	3
50	80	11
50	81	1
50	82	26
50	84	17
50	85	9
50	86	4
50	87	6
50	88	5
50	89	14
50	90	77
50	91	137
50	92	47
50	93	68
50	94	2
50	95	7
50	96	8
50	97	58
50	98	22
50	99	13
50	100	4
50	101	90
50	102	14
50	103	18
50	105	4
50	106	39
50	107	8
50	108	17
50	109	111
50	110	9
50	111	2
50	112	7
50	113	26
50	114	9
50	115	6
50	116	14
50	117	30
50	118	16
50	119	102
51	52	6
51	53	12
51	54	1
51	55	6
51	56	2
51	57	12
51	58	115
51	59	66
51	60	5
51	62	5
51	63	4
51	64	4
51	65	18
51	66	3
51	67	5
51	68	6
51	69	6
51	70	36
51	71	4
51	72	5
51	73	7
51	74	4
51	75	97
51	76	23
51	77	29
51	79	16
51	80	16
51	81	14
51	83	1
51	84	14
51	85	8
51	86	4
51	87	3
51	88	4
51	89	28
51	90	162
51	91	11
51	92	3
51	93	13
51	94	27
51	95	2
51	96	2
51	97	26
51	98	9
51	99	9
51	100	2
51	101	32
51	102	5
51	103	8
51	104	1
51	105	3
51	106	24
51	107	17
51	108	3
51	109	57
51	111	7
51	112	20
51	113	1
51	114	37
51	116	3
51	117	3
51	118	19
51	119	6
51	120	8
52	53	5
52	57	2
52	58	5
52	59	8
52	60	3
52	62	6
52	63	3
52	65	2
52	68	6
52	69	3
52	75	7
52	76	11
52	77	3
52	80	3
52	82	3
52	83	6
52	84	33
52	85	1
52	87	10
52	88	2
52	89	3
52	90	45
52	91	52
52	92	37
52	93	12
52	96	1
52	97	14
52	98	5
52	100	3
52	101	12
52	102	2
52	103	1
52	106	13
52	108	4
52	109	34
52	110	1
52	113	2
52	119	3
53	54	42
53	55	15
53	56	3
53	57	10
53	58	86
53	59	41
53	60	7
53	61	35
53	62	7
53	63	5
53	64	2
53	65	10
53	66	3
53	67	6
53	68	16
53	69	10
53	70	27
53	71	3
53	72	2
53	73	18
53	74	2
53	75	45
53	76	44
53	77	34
53	78	2
53	79	8
53	80	6
53	81	6
53	82	6
53	83	2
53	84	100
53	85	7
53	86	1
53	87	1
53	88	4
53	89	22
53	90	121
53	91	20
53	92	9
53	93	10
53	94	12
53	95	6
53	96	5
53	97	31
53	98	24
53	99	12
53	100	6
53	101	47
53	102	2
53	103	21
53	104	1
53	106	15
53	107	4
53	108	11
53	109	251
53	110	2
53	111	3
53	112	25
53	113	4
53	114	32
53	116	3
53	117	12
53	118	13
53	120	5
54	55	9
54	56	4
54	58	29
54	59	12
54	60	6
54	61	8
54	62	2
54	63	3
54	64	2
54	65	4
54	68	8
54	70	12
54	72	5
54	73	13
54	74	5
54	75	19
54	76	8
54	77	20
54	79	6
54	80	9
54	81	1
54	82	1
54	84	58
54	85	4
54	86	9
54	87	4
54	89	1
54	90	58
54	91	3
54	93	9
54	94	4
54	95	1
54	96	5
54	97	2
54	98	2
54	99	8
54	101	42
54	102	1
54	103	13
54	105	3
54	106	5
54	107	6
54	108	1
54	109	82
54	110	4
54	111	14
54	112	13
54	113	4
54	114	22
54	116	4
54	118	8
54	119	3
54	120	41
55	56	42
55	57	2
55	58	29
55	59	31
55	60	22
55	61	18
55	62	40
55	63	12
55	64	32
55	65	29
55	66	18
55	67	20
55	68	7
55	69	52
55	70	28
55	71	14
55	72	5
55	73	7
55	74	87
55	75	3
55	76	5
55	77	3
55	78	40
55	79	13
55	80	15
55	81	22
55	82	25
55	83	1
55	84	1
55	85	7
55	86	2
55	87	1
55	88	14
55	89	18
55	90	35
55	91	62
55	92	1
55	93	73
55	94	2
55	95	13
55	96	9
55	97	136
55	98	27
55	99	7
55	100	6
55	101	218
55	102	8
55	103	42
55	104	5
55	105	41
55	106	61
55	108	7
55	109	95
55	110	11
55	111	15
55	112	38
55	113	20
55	114	141
55	115	13
55	116	45
55	117	59
55	118	159
55	119	1
55	120	6
56	58	2
56	59	4
56	60	13
56	61	5
56	62	17
56	63	8
56	64	6
56	65	15
56	66	3
56	67	19
56	68	1
56	69	5
56	70	3
56	71	3
56	72	2
56	74	45
56	75	1
56	76	1
56	77	3
56	78	19
56	79	8
56	80	5
56	81	6
56	82	8
56	85	5
56	88	16
56	89	4
56	90	14
56	91	31
56	92	3
56	93	8
56	94	3
56	95	2
56	96	2
56	97	37
56	98	11
56	99	5
56	100	5
56	101	75
56	102	2
56	103	14
56	104	1
56	105	6
56	106	11
56	108	8
56	109	53
56	110	2
56	111	7
56	112	2
56	113	10
56	114	90
56	116	9
56	117	17
56	118	43
56	120	5
57	58	4
57	59	8
57	60	8
57	61	8
57	62	16
57	64	1
57	65	3
57	67	14
57	68	2
57	69	6
57	70	13
57	71	20
57	73	10
57	75	49
57	76	11
57	77	8
57	79	2
57	80	16
57	81	2
57	82	1
57	83	11
57	84	31
57	85	1
57	86	2
57	87	7
57	89	5
57	90	51
57	91	30
57	92	15
57	93	3
57	95	7
57	96	2
57	97	21
57	98	17
57	99	5
57	100	3
57	101	34
57	102	4
57	103	1
57	105	5
57	106	24
57	107	1
57	108	2
57	109	104
57	110	10
57	111	4
57	112	4
57	113	11
57	114	3
57	116	6
57	118	3
57	119	2
57	120	4
58	59	247
58	60	40
58	61	36
58	62	5
58	63	15
58	64	23
58	65	30
58	66	12
58	67	18
58	68	25
58	69	4
58	70	123
58	71	11
58	72	5
58	73	21
58	74	9
58	75	372
58	76	148
58	77	23
58	79	37
58	80	36
58	81	7
58	82	10
58	83	2
58	84	8
58	85	23
58	86	7
58	87	5
58	88	3
58	89	61
58	90	538
58	91	16
58	92	2
58	93	58
58	94	109
58	95	12
58	96	2
58	97	56
58	98	46
58	99	21
58	100	2
58	101	121
58	102	1
58	103	23
58	104	2
58	105	21
58	106	8
58	107	18
58	108	16
58	109	183
58	110	12
58	111	21
58	112	50
58	113	11
58	114	61
58	116	21
58	117	24
58	118	17
58	119	9
58	120	23
59	60	6
59	61	5
59	62	54
59	63	31
59	64	12
59	65	44
59	66	5
59	67	25
59	68	26
59	69	11
59	70	72
59	71	9
59	72	3
59	73	46
59	74	1
59	75	134
59	76	78
59	77	184
59	78	7
59	79	31
59	80	21
59	81	11
59	82	21
59	83	4
59	84	30
59	85	11
59	86	47
59	87	16
59	88	3
59	89	53
59	90	351
59	91	43
59	92	16
59	93	34
59	94	46
59	95	28
59	96	20
59	97	100
59	98	12
59	99	15
59	100	4
59	101	43
59	102	26
59	103	49
59	104	3
59	105	5
59	106	42
59	107	21
59	108	2
59	109	267
59	111	29
59	112	53
59	113	7
59	114	61
59	115	7
59	116	10
59	117	21
59	118	20
59	119	18
59	120	65
60	61	20
60	62	8
60	63	15
60	64	11
60	65	25
60	66	5
60	67	31
60	68	10
60	69	37
60	70	16
60	71	15
60	72	20
60	73	7
60	74	4
60	75	54
60	76	19
60	77	20
60	78	1
60	79	15
60	80	6
60	81	10
60	82	10
60	83	14
60	84	4
60	85	9
60	86	6
60	87	13
60	88	11
60	89	22
60	90	108
60	91	58
60	92	9
60	93	37
60	94	4
60	95	8
60	96	4
60	97	68
60	98	66
60	99	18
60	100	15
60	101	143
60	102	9
60	103	27
60	104	13
60	105	13
60	106	22
60	107	6
60	108	33
60	109	130
60	110	12
60	111	25
60	112	20
60	113	18
60	114	67
60	115	6
60	116	35
60	117	16
60	118	40
60	119	41
60	120	20
61	62	19
61	63	5
61	64	2
61	65	12
61	66	7
61	67	10
61	68	10
61	69	21
61	70	21
61	71	8
61	72	5
61	73	16
61	74	13
61	75	14
61	76	80
61	77	6
61	78	1
61	79	4
61	80	8
61	81	10
61	82	10
61	83	5
61	84	9
61	85	11
61	87	1
61	88	8
61	89	12
61	90	51
61	91	106
61	92	3
61	93	9
61	94	1
61	95	15
61	96	6
61	97	55
61	98	12
61	99	10
61	100	4
61	101	73
61	102	14
61	103	16
61	104	6
61	105	17
61	106	14
61	108	35
61	109	308
61	110	9
61	111	4
61	112	3
61	113	20
61	114	29
61	115	13
61	116	12
61	117	122
61	118	47
61	119	6
61	120	5
62	63	14
62	64	11
62	65	46
62	66	1
62	67	30
62	68	8
62	69	34
62	70	21
62	71	26
62	72	4
62	73	5
62	74	11
62	75	20
62	76	14
62	77	9
62	78	8
62	79	5
62	80	18
62	81	4
62	82	56
62	83	5
62	84	7
62	85	5
62	86	10
62	87	6
62	88	31
62	89	28
62	90	104
62	91	104
62	92	30
62	93	37
62	94	1
62	95	11
62	96	13
62	97	191
62	98	14
62	99	18
62	100	7
62	101	84
62	102	27
62	103	23
62	104	1
62	105	8
62	106	73
62	107	4
62	108	3
62	109	117
62	110	5
62	111	35
62	112	33
62	113	16
62	114	61
62	115	11
62	116	19
62	117	51
62	118	58
62	119	28
62	120	1
63	64	12
63	65	23
63	67	17
63	68	6
63	69	10
63	70	20
63	71	3
63	72	3
63	73	16
63	74	16
63	75	31
63	76	5
63	77	17
63	78	3
63	79	11
63	80	4
63	81	8
63	82	6
63	83	1
63	85	6
63	86	17
63	87	9
63	88	17
63	89	9
63	90	122
63	91	8
63	92	19
63	93	6
63	94	8
63	95	6
63	96	2
63	97	28
63	98	7
63	99	7
63	101	46
63	102	10
63	103	39
63	104	4
63	105	18
63	106	25
63	107	12
63	108	4
63	109	55
63	110	5
63	111	21
63	112	12
63	113	6
63	114	18
63	115	3
63	116	12
63	117	9
63	118	35
63	119	6
63	120	56
64	65	18
64	66	7
64	67	9
64	68	1
64	69	15
64	70	11
64	72	4
64	73	11
64	74	17
64	75	18
64	76	1
64	77	2
64	78	2
64	79	1
64	81	11
64	84	8
64	85	6
64	86	3
64	87	5
64	89	17
64	90	57
64	91	23
64	93	14
64	94	3
64	95	17
64	97	29
64	98	5
64	99	5
64	100	2
64	101	62
64	103	65
64	104	4
64	105	11
64	106	19
64	107	7
64	109	53
64	110	2
64	111	10
64	112	5
64	113	7
64	114	11
64	116	22
64	117	3
64	118	43
64	119	3
64	120	2
65	66	6
65	67	23
65	68	10
65	69	49
65	70	115
65	71	20
65	72	7
65	73	13
65	74	4
65	75	30
65	76	41
65	77	24
65	78	10
65	79	15
65	80	4
65	81	15
65	82	20
65	83	1
65	84	4
65	85	9
65	86	10
65	87	9
65	88	28
65	89	65
65	90	210
65	91	90
65	92	16
65	93	24
65	94	3
65	95	29
65	96	9
65	97	110
65	98	12
65	99	12
65	100	9
65	101	89
65	102	40
65	103	47
65	104	5
65	105	18
65	106	60
65	107	7
65	108	7
65	109	153
65	110	9
65	111	33
65	112	46
65	113	8
65	114	102
65	115	10
65	116	38
65	117	29
65	118	48
65	119	15
65	120	81
66	67	12
66	68	2
66	69	8
66	70	1
66	72	8
66	73	1
66	74	7
66	75	1
66	76	5
66	77	2
66	79	2
66	80	1
66	81	4
66	82	3
66	84	7
66	85	2
66	88	3
66	89	2
66	90	8
66	91	12
66	93	8
66	95	1
66	96	1
66	97	12
66	98	4
66	99	1
66	101	33
66	103	14
66	104	6
66	105	5
66	106	3
66	108	3
66	109	26
66	110	4
66	111	3
66	113	2
66	114	11
66	115	1
66	116	4
66	117	8
66	118	11
67	68	10
67	69	9
67	70	18
67	71	27
67	72	8
67	73	32
67	74	13
67	75	41
67	76	7
67	77	31
67	78	15
67	79	16
67	80	16
67	81	19
67	82	16
67	83	3
67	84	14
67	85	4
67	86	37
67	87	7
67	88	16
67	89	13
67	90	166
67	91	75
67	92	4
67	93	27
67	94	5
67	95	14
67	96	10
67	97	79
67	98	21
67	99	19
67	100	8
67	101	70
67	102	27
67	103	25
67	104	6
67	105	8
67	106	34
67	107	10
67	108	19
67	109	91
67	110	4
67	111	13
67	112	11
67	113	13
67	114	68
67	115	2
67	116	10
67	117	19
67	118	40
67	119	15
67	120	66
68	69	5
68	70	17
68	72	16
68	73	3
68	74	1
68	75	37
68	76	18
68	77	4
68	79	3
68	80	14
68	81	4
68	82	16
68	83	3
68	84	44
68	85	4
68	86	2
68	87	4
68	88	3
68	89	8
68	90	64
68	91	232
68	92	6
68	93	7
68	94	2
68	95	2
68	96	2
68	97	57
68	98	4
68	99	4
68	100	2
68	101	52
68	102	5
68	103	15
68	104	2
68	106	25
68	107	2
68	108	45
68	109	86
68	110	3
68	111	2
68	112	12
68	113	5
68	114	9
68	116	6
68	117	21
68	118	7
68	119	9
68	120	2
69	70	28
69	71	54
69	72	6
69	73	4
69	74	12
69	75	19
69	76	18
69	77	21
69	78	1
69	79	11
69	80	9
69	81	9
69	82	30
69	83	4
69	84	15
69	85	17
69	86	3
69	87	6
69	88	21
69	89	80
69	90	149
69	91	50
69	92	3
69	93	28
69	95	42
69	96	4
69	97	84
69	98	15
69	99	11
69	100	20
69	101	192
69	102	10
69	103	26
69	104	3
69	105	34
69	106	61
69	107	20
69	108	11
69	109	262
69	110	5
69	111	6
69	112	28
69	113	27
69	114	41
69	115	74
69	116	27
69	117	19
69	118	83
69	119	7
69	120	116
70	71	10
70	72	7
70	73	23
70	74	25
70	75	189
70	76	66
70	77	57
70	79	141
70	80	9
70	81	11
70	82	1
70	84	15
70	85	28
70	86	21
70	87	15
70	88	18
70	89	296
70	90	1400
70	91	50
70	92	23
70	93	40
70	94	31
70	95	23
70	96	18
70	97	42
70	98	25
70	99	39
70	100	1
70	101	96
70	102	206
70	103	39
70	104	2
70	105	16
70	106	64
70	107	93
70	108	7
70	109	264
70	110	27
70	111	14
70	112	131
70	113	20
70	114	90
70	115	1
70	116	22
70	117	8
70	118	33
70	119	32
70	120	67
71	73	5
71	74	1
71	75	6
71	76	10
71	77	12
71	78	3
71	80	17
71	81	3
71	82	25
71	83	1
71	84	18
71	85	9
71	86	4
71	88	19
71	89	33
71	90	53
71	91	52
71	92	4
71	93	17
71	94	1
71	95	7
71	96	5
71	97	77
71	98	16
71	99	3
71	100	10
71	101	60
71	102	3
71	103	12
71	104	3
71	105	7
71	106	46
71	107	5
71	108	16
71	109	76
71	110	2
71	111	6
71	112	3
71	113	8
71	114	10
71	115	11
71	116	20
71	117	22
71	118	16
71	119	7
71	120	2
72	74	9
72	75	14
72	76	4
72	77	5
72	79	4
72	80	7
72	81	2
72	82	7
72	83	1
72	84	5
72	85	11
72	86	2
72	88	3
72	90	24
72	91	26
72	93	11
72	94	4
72	95	3
72	96	4
72	97	17
72	98	9
72	99	7
72	100	2
72	101	35
72	102	1
72	103	15
72	104	6
72	105	14
72	106	16
72	107	4
72	108	3
72	109	30
72	111	12
72	112	7
72	113	5
72	114	23
72	116	9
72	118	14
72	119	14
72	120	4
73	75	41
73	76	28
73	77	43
73	79	17
73	80	11
73	81	5
73	82	2
73	83	7
73	84	18
73	85	10
73	86	21
73	87	18
73	88	9
73	89	37
73	90	181
73	91	9
73	93	39
73	94	6
73	95	47
73	97	62
73	98	18
73	99	17
73	100	2
73	101	46
73	102	39
73	103	35
73	105	2
73	106	40
73	107	9
73	109	103
73	110	3
73	111	4
73	112	21
73	113	4
73	114	10
73	115	5
73	117	16
73	118	8
73	119	6
73	120	93
74	77	1
74	78	1
74	79	2
74	80	2
74	81	2
74	82	2
74	85	2
74	86	3
74	89	2
74	90	17
74	91	24
74	93	22
74	94	1
74	95	4
74	96	3
74	97	14
74	98	9
74	99	3
74	101	107
74	103	29
74	104	1
74	105	24
74	106	12
74	107	1
74	108	4
74	109	30
74	110	16
74	111	8
74	112	4
74	113	5
74	114	43
74	116	53
74	117	11
74	118	74
74	119	1
74	120	8
75	76	162
75	77	88
75	79	46
75	80	20
75	81	8
75	82	9
75	83	12
75	84	92
75	85	53
75	86	13
75	87	17
75	88	6
75	89	106
75	90	647
75	91	60
75	92	20
75	93	59
75	94	75
75	95	13
75	96	25
75	97	36
75	98	64
75	99	75
75	100	4
75	101	147
75	102	51
75	103	40
75	104	21
75	105	6
75	106	123
75	107	64
75	108	20
75	109	211
75	110	4
75	111	8
75	112	41
75	113	27
75	114	38
75	115	4
75	116	10
75	117	9
75	118	11
75	119	17
75	120	38
76	77	106
76	79	15
76	80	7
76	81	10
76	82	1
76	83	1
76	84	16
76	85	22
76	86	2
76	87	2
76	88	13
76	89	44
76	90	214
76	91	24
76	92	3
76	93	22
76	94	24
76	95	48
76	96	17
76	97	44
76	98	28
76	99	16
76	100	3
76	101	77
76	102	19
76	103	29
76	104	10
76	105	3
76	106	47
76	107	15
76	108	12
76	109	219
76	110	2
76	111	2
76	112	15
76	113	28
76	114	51
76	115	2
76	116	17
76	117	76
76	118	20
76	119	7
76	120	9
77	79	11
77	80	4
77	83	4
77	84	20
77	85	16
77	86	49
77	87	10
77	88	14
77	89	47
77	90	266
77	91	37
77	92	13
77	93	35
77	94	4
77	95	41
77	96	19
77	97	59
77	98	19
77	99	26
77	100	9
77	101	100
77	102	12
77	103	27
77	104	18
77	105	20
77	106	108
77	107	51
77	108	11
77	109	170
77	110	2
77	111	28
77	112	32
77	113	8
77	114	59
77	115	1
77	116	23
77	117	6
77	118	16
77	119	25
77	120	71
78	79	5
78	80	16
78	81	48
78	82	7
78	83	1
78	85	5
78	88	21
78	89	12
78	90	14
78	91	15
78	93	18
78	94	4
78	95	5
78	96	10
78	97	28
78	98	11
78	99	5
78	100	3
78	101	27
78	102	3
78	103	2
78	105	6
78	106	13
78	108	3
78	109	6
78	112	1
78	113	3
78	114	135
78	116	2
78	117	6
78	118	51
79	80	6
79	81	8
79	82	13
79	83	6
79	84	8
79	85	17
79	86	19
79	87	18
79	88	7
79	89	27
79	90	165
79	91	15
79	92	5
79	93	21
79	94	21
79	95	15
79	96	1
79	97	44
79	98	12
79	99	22
79	100	3
79	101	23
79	102	22
79	103	17
79	104	9
79	105	5
79	106	19
79	107	28
79	109	60
79	110	2
79	111	6
79	112	11
79	113	6
79	114	68
79	116	3
79	117	1
79	118	16
79	119	9
79	120	19
80	81	5
80	82	15
80	84	25
80	85	3
80	86	4
80	87	5
80	88	5
80	89	13
80	90	62
80	91	122
80	92	3
80	93	17
80	94	4
80	95	7
80	96	12
80	97	64
80	98	18
80	99	5
80	100	6
80	101	57
80	102	3
80	103	20
80	104	2
80	105	34
80	106	30
80	107	11
80	108	19
80	109	56
80	110	4
80	111	15
80	112	6
80	113	8
80	114	34
80	116	3
80	117	15
80	118	28
80	119	4
80	120	7
81	82	10
81	84	1
81	85	7
81	86	6
81	87	2
81	88	32
81	89	99
81	90	112
81	91	20
81	92	3
81	93	17
81	94	12
81	95	11
81	96	12
81	97	38
81	98	20
81	99	15
81	100	2
81	101	43
81	102	1
81	103	6
81	104	1
81	105	5
81	106	11
81	107	24
81	108	7
81	109	44
81	110	1
81	111	17
81	112	14
81	113	5
81	114	138
81	116	7
81	117	1
81	118	51
81	119	4
82	83	4
82	84	16
82	85	6
82	86	1
82	89	11
82	90	35
82	91	173
82	92	9
82	93	9
82	94	2
82	95	6
82	96	7
82	97	123
82	98	16
82	99	4
82	100	11
82	101	55
82	102	12
82	103	3
82	105	3
82	106	22
82	107	2
82	108	32
82	109	67
82	110	6
82	113	10
82	114	15
82	115	3
82	116	12
82	117	94
82	118	9
82	119	2
83	85	6
83	89	2
83	90	27
83	91	8
83	92	12
83	93	4
83	94	6
83	95	5
83	97	22
83	98	11
83	99	8
83	100	10
83	101	12
83	102	4
83	106	5
83	107	2
83	108	7
83	109	31
83	110	5
83	111	1
83	112	1
83	113	1
83	114	3
83	116	1
83	118	6
83	119	7
83	120	6
84	85	3
84	87	5
84	88	7
84	89	14
84	90	142
84	91	344
84	92	25
84	93	14
84	95	75
84	96	2
84	97	95
84	98	17
84	99	1
84	100	2
84	101	39
84	103	10
84	105	3
84	106	32
84	107	2
84	108	62
84	109	226
84	110	2
84	113	5
84	114	14
84	116	7
84	117	39
84	118	2
84	120	10
85	86	9
85	87	5
85	88	2
85	89	30
85	90	76
85	91	56
85	92	2
85	93	14
85	94	11
85	95	44
85	96	4
85	97	19
85	98	8
85	99	5
85	100	3
85	101	20
85	102	3
85	103	25
85	104	1
85	106	7
85	107	11
85	108	2
85	109	72
85	110	4
85	112	2
85	114	25
85	115	4
85	116	4
85	117	9
85	118	15
85	120	8
86	87	16
86	88	4
86	89	19
86	90	167
86	91	6
86	92	47
86	93	18
86	94	4
86	95	2
86	97	26
86	98	4
86	99	22
86	101	17
86	102	35
86	103	55
86	105	5
86	106	20
86	107	38
86	108	1
86	109	24
86	110	6
86	111	19
86	112	9
86	113	2
86	114	25
86	116	7
86	117	1
86	118	7
86	119	43
86	120	68
87	89	9
87	90	152
87	91	23
87	92	16
87	93	19
87	94	1
87	95	21
87	96	4
87	97	41
87	98	5
87	99	4
87	101	4
87	102	8
87	103	106
87	105	2
87	106	30
87	107	14
87	108	2
87	109	91
87	110	5
87	111	10
87	112	6
87	113	8
87	114	4
87	115	1
87	116	5
87	117	8
87	118	1
87	119	8
87	120	21
88	89	173
88	90	141
88	91	36
88	92	13
88	93	22
88	95	30
88	96	1
88	97	79
88	98	10
88	99	2
88	100	5
88	101	79
88	102	7
88	103	6
88	104	2
88	105	6
88	106	20
88	107	18
88	108	10
88	109	69
88	110	3
88	111	8
88	112	12
88	113	4
88	114	94
88	115	1
88	116	6
88	117	1
88	118	37
88	119	8
89	90	541
89	91	51
89	92	22
89	93	37
89	94	23
89	95	186
89	96	14
89	97	140
89	98	57
89	99	16
89	100	7
89	101	109
89	102	19
89	103	37
89	104	2
89	105	12
89	106	45
89	107	67
89	108	11
89	109	228
89	110	5
89	111	16
89	112	45
89	113	24
89	114	161
89	115	10
89	116	40
89	117	10
89	118	27
89	119	25
89	120	1
90	91	198
90	92	242
90	93	220
90	94	104
90	95	54
90	96	78
90	97	320
90	98	119
90	99	154
90	100	23
90	101	319
90	102	192
90	103	345
90	104	15
90	105	59
90	106	368
90	107	301
90	108	29
90	109	726
90	110	29
90	111	81
90	112	246
90	113	62
90	114	263
90	115	20
90	116	68
90	117	29
90	118	87
90	119	95
90	120	364
91	92	39
91	93	103
91	94	7
91	95	107
91	96	24
91	97	657
91	98	53
91	99	10
91	100	37
91	101	313
91	102	24
91	103	28
91	104	7
91	105	22
91	106	87
91	107	4
91	108	372
91	109	750
91	110	11
91	111	9
91	112	31
91	113	22
91	114	91
91	115	3
91	116	48
91	117	195
91	118	55
91	119	33
91	120	5
92	93	70
92	94	2
92	95	2
92	96	6
92	97	16
92	98	13
92	99	10
92	100	9
92	101	28
92	102	18
92	103	12
92	106	103
92	107	46
92	108	9
92	109	93
92	110	2
92	111	5
92	112	2
92	113	4
92	114	14
92	115	8
92	116	5
92	117	11
92	119	50
93	94	8
93	95	12
93	96	7
93	97	178
93	98	45
93	99	16
93	100	4
93	101	190
93	102	31
93	103	67
93	104	13
93	105	20
93	106	77
93	107	4
93	108	15
93	109	199
93	110	2
93	111	28
93	112	23
93	113	7
93	114	90
93	115	6
93	116	16
93	117	17
93	118	109
93	119	122
93	120	39
94	95	2
94	96	1
94	97	7
94	98	11
94	99	15
94	100	5
94	101	12
94	103	5
94	106	1
94	107	19
94	109	32
94	110	1
94	111	1
94	112	5
94	113	4
94	114	22
94	116	3
94	117	2
94	118	1
94	119	1
94	120	22
95	96	6
95	97	49
95	98	8
95	99	10
95	100	3
95	101	47
95	102	11
95	103	59
95	104	2
95	105	11
95	106	23
95	107	27
95	108	4
95	109	107
95	110	18
95	111	14
95	112	37
95	113	110
95	114	49
95	116	10
95	117	38
95	118	26
95	119	7
95	120	13
96	97	37
96	98	8
96	99	6
96	100	1
96	101	30
96	102	6
96	103	8
96	104	3
96	105	15
96	106	12
96	107	1
96	108	3
96	109	39
96	111	3
96	112	2
96	113	8
96	114	41
96	115	1
96	116	8
96	117	7
96	118	20
96	119	1
96	120	3
97	98	100
97	99	44
97	100	33
97	101	317
97	102	66
97	103	62
97	104	20
97	105	25
97	106	128
97	107	7
97	108	109
97	109	495
97	110	20
97	111	31
97	112	45
97	113	44
97	114	136
97	115	29
97	116	55
97	117	172
97	118	143
97	119	14
97	120	38
98	99	26
98	100	9
98	101	152
98	102	7
98	103	23
98	104	5
98	105	6
98	106	34
98	107	8
98	108	16
98	109	91
98	110	8
98	111	6
98	112	16
98	113	14
98	114	37
98	115	1
98	116	10
98	117	23
98	118	30
98	119	51
98	120	7
99	100	4
99	101	52
99	102	16
99	103	27
99	104	2
99	105	7
99	106	25
99	107	23
99	108	15
99	109	69
99	110	6
99	111	10
99	112	19
99	113	11
99	114	70
99	116	3
99	117	17
99	118	21
99	119	7
99	120	41
100	101	40
100	102	2
100	103	7
100	104	2
100	105	1
100	106	9
100	108	15
100	109	63
100	110	1
100	111	6
100	112	3
100	113	1
100	114	12
100	115	1
100	116	4
100	117	14
100	118	11
100	119	2
100	120	4
101	102	18
101	103	165
101	104	40
101	105	135
101	106	139
101	107	10
101	108	110
101	109	484
101	110	37
101	111	72
101	112	92
101	113	70
101	114	245
101	115	36
101	116	124
101	117	116
101	118	262
101	119	75
101	120	87
102	103	10
102	105	1
102	106	82
102	107	17
102	108	5
102	109	100
102	110	6
102	111	13
102	112	14
102	113	7
102	114	24
102	115	2
102	116	6
102	117	30
102	118	9
102	119	29
102	120	40
103	104	23
103	105	21
103	106	77
103	107	30
103	108	7
103	109	210
103	110	8
103	111	63
103	112	45
103	113	41
103	114	73
103	115	1
103	116	23
103	117	8
103	118	83
103	119	99
103	120	21
104	105	13
104	106	3
104	108	4
104	109	35
104	111	5
104	113	2
104	114	10
104	116	11
104	117	7
104	118	16
105	106	18
105	107	3
105	108	1
105	109	47
105	110	9
105	111	16
105	112	6
105	113	10
105	114	63
105	116	25
105	117	2
105	118	103
105	119	13
105	120	15
106	107	49
106	108	15
106	109	207
106	110	13
106	111	36
106	112	29
106	113	11
106	114	46
106	115	13
106	116	33
106	117	28
106	118	63
106	119	70
106	120	22
107	109	62
107	110	3
107	111	3
107	112	15
107	113	1
107	114	36
107	116	7
107	118	14
107	119	18
107	120	56
108	109	164
108	110	6
108	111	2
108	112	2
108	113	12
108	114	20
108	115	2
108	116	9
108	117	88
108	118	11
108	119	3
109	110	72
109	111	92
109	112	94
109	113	97
109	114	159
109	115	29
109	116	80
109	117	233
109	118	163
109	119	75
109	120	45
110	111	10
110	112	2
110	113	10
110	114	2
110	116	26
110	117	16
110	118	9
110	119	24
110	120	3
111	112	63
111	113	3
111	114	65
111	116	13
111	117	3
111	118	73
111	119	10
111	120	5
112	113	28
112	114	73
112	115	9
112	116	10
112	117	8
112	118	46
112	119	22
112	120	119
113	114	18
113	115	10
113	116	8
113	117	50
113	118	9
113	119	5
113	120	9
114	115	5
114	116	42
114	117	18
114	118	205
114	119	4
114	120	38
115	116	2
115	117	6
115	118	11
115	119	8
115	120	40
116	117	15
116	118	57
116	119	8
116	120	7
117	118	37
117	120	2
118	119	26
118	120	40
119	120	10
