id	label	x	y	cluster	weight<Links>	weight<Total link strength>	weight<Occurrences>	score<Avg. pub. year>
1	absence	0.8642	0.2122	1	58	72	10	2019.5
2	activity	0.5166	-0.0066	1	184	492	65	2017.5077
3	adsorption	-0.3013	0.3403	3	106	193	30	2016.4667
4	advance	-0.6813	0.2633	2	107	189	21	2019.8095
5	analytical performance	0.6143	-0.3438	1	98	147	17	2019.9412
6	applicability	0.274	-0.0762	1	132	233	25	2019.8
7	aptasensor	0.2678	-0.36	5	98	146	14	2021.2857
8	article	-0.5606	0.4936	2	107	191	23	2017.2609
9	atomic force microscopy	0.2014	0.7797	3	87	157	19	2018.0526
10	attention	-0.3282	0.2778	2	150	309	36	2019.4722
11	bacterium	0.125	0.5675	3	118	250	32	2020.0312
12	bio	0.3457	0.4824	3	84	121	16	2016.5625
13	biocompatibility	0.0737	0.4544	2	106	185	23	2018.2174
14	bioelectronic	0.1211	0.8942	2	81	126	15	2019.6667
15	biomedical application	0.1709	0.1231	2	95	133	17	2017.5294
16	biosensor application	-0.3764	0.3497	2	113	169	20	2018.3
17	biosensor system	-0.8911	0.1689	2	90	138	19	2017.9474
18	biosensor technology	-0.8508	0.3737	2	85	124	16	2010.25
19	bovine serum albumin	-0.1521	-0.1375	3	71	102	13	2015.5385
20	bsa	-0.1264	-0.0612	3	82	117	13	2016.6154
21	buffer	-0.356	-0.562	4	93	171	23	2016.8261
22	buffer solution	0.0201	-0.2115	4	98	162	17	2015.5882
23	cancer	-0.0563	-0.758	4	133	297	30	2019.2
24	capacitance	0.0627	0.7738	3	116	212	28	2016.75
25	carbon nanotube	0.4587	0.5199	1	134	255	29	2017.7931
26	carcinoembryonic antigen	0.5988	-0.9197	1	93	165	14	2020.3571
27	care	-1.0204	0.0303	5	126	281	27	2019.8889
28	care testing	-1.2134	-0.2361	5	82	138	13	2021.1538
29	cea	0.5409	-0.943	1	94	172	14	2020.6429
30	cfu ml	0.3962	0.702	3	59	109	13	2022.5385
31	challenge	-0.2752	0.2234	2	194	680	75	2021.04
32	characterization	0.0995	0.7128	3	138	279	39	2016.6923
33	charge transfer	0.769	0.0456	1	99	153	19	2019.5789
34	chemical	-0.1801	0.6316	2	114	176	22	2016.8636
35	chip	-0.7759	-0.1545	2	180	615	88	2018.1023
36	circuit	-0.3975	0.0857	2	137	274	38	2018.0789
37	clinical application	0.2314	-0.247	4	117	197	19	2019.2632
38	cmo	-0.933	-0.1121	4	103	195	23	2018.1739
39	cmos	-1.1218	-0.2292	4	147	531	62	2017.371
40	complementary metal oxide semiconductor	-1.0652	-0.211	4	158	642	72	2017.7361
41	concentration range	0.3295	0.1516	3	112	181	18	2017.3333
42	construction	0.3718	-0.2544	1	125	204	20	2019.75
43	covid	-0.8073	-0.734	5	103	237	22	2022.0455
44	cyclic voltammetry	0.9884	0.5669	1	77	129	13	2015.5385
45	detail	0.2317	0.2118	2	68	94	10	2019.4
46	determination	0.7167	-0.3916	1	126	248	28	2015.9286
47	diode	-0.8679	0.1393	2	71	109	17	2017.5294
48	disease	-0.4677	-0.56	5	198	796	81	2020.1481
49	distance	0.145	-0.3058	1	92	143	16	2018.875
50	dna	-0.3982	-0.6182	4	161	469	58	2016.069
51	e coli	0.2505	0.5572	3	68	96	12	2020.4167
52	early diagnosis	-0.6842	-0.7553	4	105	203	17	2020.2941
53	ease	-0.2998	0.2771	2	99	159	14	2019.6429
54	ecl	0.4758	-0.7018	1	73	113	11	2018.5455
55	eis	0.7081	0.5379	1	69	112	12	2015.9167
56	electrical property	-0.0405	0.4411	2	86	105	14	2017.7857
57	electrochemical biosensor	0.1276	0.4741	3	139	234	27	2019.1111
58	electrochemical impedance spectroscopy	0.9252	0.5786	1	80	131	13	2016.8462
59	electrochemiluminescence	0.2261	-0.6444	1	67	103	10	2020.3
60	electrode	0.6934	0.1609	1	210	1003	113	2017.5664
61	electrode surface	0.7614	-0.3516	1	115	230	22	2015.9091
62	electrolyte	-0.1026	0.5201	2	106	196	18	2020.5556
63	electrolyte insulator semiconductor	0.1409	0.6571	3	82	170	21	2014
64	electron	0.6746	-0.4134	1	98	159	19	2018.7895
65	electron transfer	1.1035	0.2197	1	106	214	21	2019.381
66	environmental monitoring	-0.625	0.5142	2	84	131	16	2016.8125
67	enzymatic reaction	0.8611	0.2865	1	76	110	12	2017.25
68	escherichia coli	0.2647	0.6452	3	78	135	19	2021.7895
69	example	-0.6092	-0.0704	2	136	250	32	2018.4375
70	feasibility	-0.0071	-0.1525	4	83	119	18	2015.8889
71	fet	-0.7692	0.1656	5	175	570	65	2019.4462
72	fet biosensor	-0.9071	-0.0835	5	125	286	29	2019.069
73	fg ml	0.0854	-0.8384	5	116	236	22	2022
74	field effect	-0.8133	0.3291	4	96	163	22	2016.0455
75	field effect transistor	-0.6727	0.0747	5	207	1167	144	2018.1458
76	film	0.3216	0.3856	3	189	539	64	2016.7188
77	fluorescence	-0.4832	-0.0248	2	77	126	19	2016.2105
78	food	-0.3173	0.8596	3	60	83	12	2018.3333
79	formation	0.6418	-0.2376	1	145	307	36	2017.6111
80	free detection	-0.4357	-0.1505	5	97	156	20	2018.95
81	future	-0.2124	-0.1379	2	93	121	15	2019.2667
82	g ml	-0.0766	-0.571	5	79	105	11	2020
83	gate	-0.6995	0.4929	2	123	252	37	2019.0541
84	gate electrode	-0.3382	0.6879	2	85	142	16	2021.0625
85	glucose	0.7941	0.4299	1	137	329	42	2016.2857
86	glucose concentration	0.9564	0.5766	1	67	105	13	2014.7692
87	glucose detection	0.7632	0.6522	1	76	129	14	2016.0714
88	glucose oxidase	0.9359	0.6352	1	107	262	28	2014.6786
89	glutaraldehyde	-0.0149	0.1758	3	73	111	11	2013.3636
90	gold	0.1639	0.4497	3	82	121	13	2016.7692
91	gold nanoparticle	0.5232	-0.4656	1	117	216	23	2018.3913
92	good selectivity	0.7444	-0.1104	1	89	141	15	2017.8
93	gox	1.1085	0.4941	1	88	166	15	2015.3333
94	growth	0.0378	0.6756	3	88	121	19	2018.1053
95	heterojunction	0.9975	-0.6786	1	102	242	23	2022.3478
96	high selectivity	0.0991	-0.6687	4	116	179	14	2020.9286
97	high specificity	-0.1509	-0.4477	5	92	120	13	2018.7692
98	high surface	-0.5958	0.5599	2	82	130	12	2018.3333
99	higher sensitivity	-0.1404	0.5471	3	92	131	15	2017.1333
100	hole	0.9987	-0.1315	1	67	115	14	2018.6429
101	human health	-0.2021	-0.3709	5	86	117	10	2022.2
102	human serum	0.3216	-0.6925	1	98	168	19	2019.8421
103	human serum sample	0.7777	-0.8211	1	100	185	14	2019.7143
104	hybridization	-0.7966	-0.4505	4	99	234	26	2013.7692
105	immobilization	0.4503	0.1592	3	192	642	70	2017.5
106	immunosensor	0.1758	-0.4564	5	95	140	16	2018.1875
107	improvement	-0.2027	0.5482	3	106	173	21	2017.5714
108	incorporation	0.3016	0.2766	2	110	160	16	2020.5625
109	insight	0.0717	0.5701	2	113	204	23	2020.9565
110	insulator	-0.7378	-0.5277	4	77	138	18	2016.5556
111	interest	-0.4401	0.6296	2	151	354	43	2017.0233
112	issue	-0.385	0.233	2	121	206	28	2018.5
113	kind	0.3147	-0.0919	1	78	101	14	2016.6429
114	lab	-1.0302	0.3346	2	86	163	18	2016.0556
115	label free detection	-0.7503	0.1341	2	123	248	27	2018.3333
116	lack	0.493	0.237	1	67	80	12	2019.6667
117	large surface area	0.9807	0.1507	1	69	97	10	2018.4
118	laser	-0.4886	0.1292	2	80	124	22	2017.9545
119	linear range	0.9367	-0.1585	1	134	314	34	2020.1471
120	linear response	0.7264	-0.0699	1	99	163	17	2016.5294
121	lod	0.0989	-0.7698	5	157	391	39	2021.5641
122	long term stability	1.0578	0.2823	1	81	133	13	2019.5385
123	low concentration	-0.7332	-0.2649	5	80	125	14	2018.8571
124	low detection limit	1.1492	-0.1844	1	129	362	36	2020.3333
125	low limit	0.1142	-0.9592	5	79	113	10	2022.2
126	magnitude	0.0065	0.0302	5	112	192	21	2019.1429
127	mean	0.1454	0.5025	3	71	106	16	2014.5
128	metal	-0.1161	0.1407	2	123	200	28	2016.3929
129	microrna	-0.435	-1.1614	4	66	129	14	2020.5
130	min	-0.4153	-0.3077	5	109	214	26	2019.4231
131	miniaturization	-0.8913	0.316	2	81	131	17	2018.4118
132	mirna	-0.1886	-1.0381	4	81	178	19	2021.2632
133	monolayer	0.0928	0.3857	3	77	111	13	2016.6923
134	morphology	0.4568	0.6019	2	107	167	21	2019.9048
135	mv ph	-0.341	0.7863	3	53	101	11	2013.8182
136	nanocomposite	0.9629	0.058	1	96	174	19	2020
137	nanomaterial	-0.0912	0.3655	2	133	313	35	2016.9714
138	nanoparticle	0.3893	0.0271	1	197	539	61	2017.1475
139	nanostructure	0.0508	0.1554	5	138	291	28	2020.3929
140	need	-0.7488	-0.1891	2	161	400	43	2019
141	ng ml	0.537	-0.7171	1	153	397	37	2019.5405
142	noise ratio	-0.6268	-0.4958	4	65	84	11	2015.8182
143	nucleic acid	-0.6638	-0.261	4	130	264	26	2016.4231
144	opportunity	-0.195	0.4479	2	111	197	20	2020.15
145	optical biosensor	-0.5788	-0.1636	2	96	148	22	2018.0909
146	optimal condition	1.0563	-0.5334	1	76	145	11	2017.6364
147	optimization	-0.3472	0.5063	3	53	71	13	2020.0769
148	organic electrochemical transistor	-0.2064	0.7433	2	64	92	12	2020.9167
149	organic semiconductor	-0.0883	0.6874	2	95	149	19	2018.7368
150	overview	-0.8565	0.5355	2	87	157	16	2019.9375
151	parameter	-0.1263	0.4914	3	124	216	33	2017.3636
152	patient	-0.4373	-0.5331	4	129	277	31	2020.6774
153	pbs	-0.2589	-0.0028	3	94	142	14	2022.7143
154	pec	1.0494	-0.5843	1	140	647	65	2021.5538
155	pec biosensor	1.1344	-0.673	1	115	407	40	2021.725
156	peptide	-0.0796	0.0863	3	87	127	18	2017.9444
157	pg ml	0.4908	-0.7459	1	113	240	24	2020.0833
158	photoactive material	1.1704	-0.569	1	69	131	14	2021.6429
159	photocurrent	1.1892	-0.6682	1	99	265	27	2020.7407
160	photoelectrochemical biosensor	1.0733	-0.6364	1	105	317	29	2021.1034
161	plasma	-0.3173	-0.5927	4	101	168	17	2018.9412
162	poc	-1.1836	-0.0718	5	74	144	13	2021.5385
163	poct	-1.2464	-0.2082	5	64	97	10	2020.8
164	point	-0.9107	-0.1393	5	194	797	84	2019.6071
165	potential application	0.44	-0.0185	2	80	114	16	2019.4375
166	power	-0.2972	-0.0395	2	90	145	25	2018.48
167	practical application	0.2427	-0.0145	2	93	135	14	2020.6429
168	probe	-0.2192	-0.6862	4	180	562	64	2017.0938
169	production	-0.3952	0.3052	2	148	327	33	2018.9394
170	progress	-0.5624	0.4018	2	138	295	30	2018.7667
171	promising candidate	-0.6666	-0.0388	4	74	90	10	2020.8
172	prospect	0.1949	-0.0579	2	141	289	29	2019.8621
173	qds	0.6472	-0.4636	1	112	221	21	2018
174	quantum dot	0.5195	-0.2406	1	148	329	38	2015.6053
175	rapid	-0.6273	-0.1308	5	56	78	10	2021.6
176	rapid detection	-0.2647	-0.4247	5	102	159	19	2019.4211
177	real sample	0.5393	0.3738	3	70	96	11	2020.7273
178	recent advance	-0.5229	0.6002	2	96	154	14	2020.3571
179	recent progress	-0.6365	0.7377	2	77	142	13	2020.8462
180	recent year	-0.6242	0.5971	2	107	186	22	2019.6364
181	repeatability	0.8978	-0.1785	1	97	166	15	2020.2667
182	reproducibility	0.9199	-0.0703	1	169	500	47	2017.9574
183	requirement	-0.6677	-0.1638	5	119	205	27	2017.8519
184	researcher	-0.5592	0.6297	2	80	116	13	2021.6154
185	resistance	0.1233	0.6606	3	87	135	20	2020.4
186	review	-0.6352	0.4722	2	155	597	66	2019.0758
187	s n	1.1807	-0.3043	1	93	174	14	2020.2857
188	saliva	-0.5986	0.2624	2	89	140	15	2021.4667
189	sars cov	-0.555	-0.8101	5	102	238	25	2022.8
190	selective detection	0.3894	-0.1321	3	79	102	12	2018.8333
191	selectivity	0.5981	0.1955	1	189	562	57	2018.9474
192	self	0.4088	-0.0552	1	164	373	40	2018.85
193	semiconductor nanoparticle	0.6164	0.2966	1	61	94	12	2014.0833
194	semiconductor quantum dot	0.4008	-0.6017	1	78	147	20	2014.45
195	sensing surface	-0.5626	-0.6444	5	51	68	11	2018.9091
196	sensitive biosensor	-0.1108	0.5775	3	68	96	13	2016.4615
197	sensitive detection	0.3188	-0.498	1	162	396	42	2021.119
198	sensor surface	-0.3085	-0.1024	3	106	157	23	2016.7826
199	sequence	-0.4266	-0.8235	4	132	306	32	2016.7812
200	serum	-0.4152	-0.3831	5	130	270	31	2017
201	signal amplification	0.6447	-0.5738	1	97	185	16	2019.6875
202	silicon	-0.8482	-0.244	4	137	386	48	2016.5
203	silicon nanowire	-1.1636	-0.4864	4	89	206	19	2017.4737
204	single walled carbon nanotube	0.0823	0.7735	3	63	102	14	2017.1429
205	sinw	-1.1058	-0.6649	4	74	157	15	2017.6
206	sinw fet	-1.195	-0.5995	4	70	139	13	2016.8462
207	size	-0.7218	0.1819	2	119	235	35	2017.1143
208	specific detection	-0.6267	-0.3833	4	84	132	14	2016.5714
209	spike protein	-0.6035	-0.8988	5	65	120	12	2022.5
210	spr	0.0396	-0.5932	4	121	223	25	2016.28
211	stability	0.6699	0.0784	1	212	934	92	2018.6957
212	surface modification	-0.2624	-0.3594	4	98	140	17	2017.4706
213	surface plasmon resonance	-0.0503	-0.6218	4	137	284	35	2016.7143
214	sweat	-0.2138	0.8183	2	77	119	13	2022.1538
215	synthesis	0.5309	0.2958	1	143	298	32	2017.4688
216	target dna	-0.4533	-0.6396	4	89	188	18	2014.4444
217	temperature	0.0721	0.3524	3	122	216	28	2015.8571
218	thin film	0.3513	0.7726	3	110	172	22	2015.9545
219	tio	1.0713	-0.2811	1	93	183	21	2021.381
220	top	-0.8296	-0.4759	4	108	219	23	2018.3478
221	ultrasensitive detection	-0.1076	-0.7513	5	134	232	24	2020.9167
222	urea	0.5008	0.6425	3	56	92	11	2012.8182
223	utilization	0.4948	-0.3822	1	87	119	11	2018.3636
224	variety	-0.4982	0.2437	2	127	210	28	2015.1786
225	virus	-0.7998	-0.4786	5	155	448	49	2018.7143
226	visible light	1.0458	-0.1898	1	78	127	13	2022
227	voltage	-0.2256	0.6289	3	177	483	60	2018.5
228	volume ratio	-0.4615	0.4056	2	96	159	15	2018.4
229	water	0.3101	0.6238	3	98	142	22	2016.7273
230	wide linear range	1.3912	-0.0358	1	81	170	16	2017
231	year	-0.8127	0.0245	2	68	99	12	2016.5
232	zno	0.5263	0.4048	3	108	190	23	2019.1739
233	zno nanorod	1.0875	0.1747	1	63	93	10	2018.3
